tree
version=v4
num_class=1
num_tree_per_iteration=1
label_index=0
max_feature_idx=53
objective=lambdarank
feature_names=log_odds market_prob odds_missing field_size distance draw_missing draw weight_missing weight age_missing age discipline_PLAT discipline_ATTELE_AUTOSTART discipline_ATTELE_VOLTE discipline_TROT_MONTE discipline_HAIES discipline_STEEPLECHASE discipline_CROSS_COUNTRY sex_FEMELLES sex_HONGRES plat_draw plat_weight autostart_draw horse_name_starts horse_name_top5 horse_name_win jockey_starts jockey_top5 jockey_win trainer_starts trainer_top5 trainer_win form consistency market_prob_rel market_prob_rankpct form_rel form_rankpct consistency_rel consistency_rankpct horse_name_top5_rel horse_name_top5_rankpct horse_name_win_rel horse_name_win_rankpct jockey_top5_rel jockey_top5_rankpct jockey_win_rel jockey_win_rankpct trainer_top5_rel trainer_top5_rankpct trainer_win_rel trainer_win_rankpct market_form_gap market_horse_gap
feature_infos=[0.47000362924573563:5.4116460518550396] [0.0037834484413014138:0.51917174883992168] none [13:20] [1.1000000000000001:4.5] [0:1] [0:1] [0:1] [-1.3:1.45] none [3:11] [0:1] [0:1] [0:1] none [0:1] [0:1] none [0:1] [0:1] [0:1] [-1.3:1.45] [0:1] [0:2.0794415416798357] [0.3125:0.66666666666666663] [0.0625:0.25] [0:6.261491684321042] [0.071428571428571425:0.78787878787878785] [0.014285714285714285:0.375] [0:5.7235851019523807] [0.23809523809523808:0.78947368421052633] [0.022727272727272728:0.31372549019607843] [0:1] [0.5:1] [-0.0703936779489584:0.45667174883992168] [0:1] [-0.62475961538461533:0.55662613530260585] [0:1] [-0.29709899804318129:0.43951231060606066] [0:1] [-0.17208806818181821:0.16462585034013599] [0:1] [-0.059132534132534123:0.14973047785547786] [0:1] [-0.42486325244971845:0.26561293802647196] [0:1] [-0.10317046608948242:0.25013123722715214] [0:1] [-0.25705815772696461:0.29640180100034075] [0:1] [-0.10780366727502118:0.22249806964837521] [0:1] [-0.96666666666666667:1] [-0.96666666666666667:0.96666666666666667]
tree_sizes=774 871 885 875 879 880 879 873 874 877 878 855 876 877 879 878 875 879 876 858 876 878 878 859 875 882 880 877 877 861 878 878 865 860 886 885 883 860 864 881 881 845 884 882 881 879 861 884 880 877 880 868 859 885 870 775 784 894 873 738 888 865 779 655 780 778 673 759 886 758 865 891 779 760 866 779 881 828 638 845 848 881 740 884 884 891 674 884 640 759 655 884 869 760 768 850 776 872 850 880

Tree=0
num_leaves=6
num_cat=0
split_feature=35 34 39 50 34
split_gain=59.3197 7.63856 4.60669 3.52504 3.01621
threshold=0.59411764705882364 0.075115340738488454 0.10882352941176472 0.049488416582119082 -0.036518844776454923
decision_type=2 2 2 2 2
left_child=2 3 -1 -2 -4
right_child=1 -3 4 -5 -6
leaf_value=0.0089857655195687697 0.014633763058422084 0.035191227478737916 -0.038270683441296617 -0.008975046068643848 -0.017073546077619135
leaf_weight=1.898473698645829 30.618334238883108 18.38542994344607 19.293071053922176 5.1520297913812092 18.538079975638539
leaf_count=21 402 156 458 91 397
internal_value=0 0.020132 -0.0270917 0.0107793 -0.0294131
internal_weight=93.8854 54.1558 39.7296 35.7704 37.8312
internal_count=1525 649 876 493 855
is_linear=0
shrinkage=0.03


Tree=1
num_leaves=7
num_cat=0
split_feature=34 1 53 30 29 45
split_gain=143.877 37.684 20.7962 13.5162 9.73174 1.70582
threshold=-0.0030717810239914533 0.21196059518150792 0.39230769230769241 0.62426470588235305 4.0163424379838117 0.71008403361344541
decision_type=2 2 2 2 2 2
left_child=2 4 3 -1 -2 -3
right_child=1 5 -4 -5 -6 -7
leaf_value=-0.033818638393663059 0.010700739057984012 0.024308240501524945 0.014900547237244498 0.0090961093528291893 -0.0060085460795084068 0.041586375466220474
leaf_weight=97.396568803116679 126.71288160607219 24.21482627093792 8.2956108525395376 6.0404920727014533 39.53347834572196 30.508382126688957
leaf_count=896 358 31 31 34 141 34
internal_value=0 0.014006 -0.0274583 -0.0311306 0.00666741 0.0351733
internal_weight=332.702 220.97 111.733 103.437 166.246 54.7232
internal_count=1525 564 961 930 499 65
is_linear=0
shrinkage=0.03


Tree=2
num_leaves=7
num_cat=0
split_feature=35 34 46 42 28 52
split_gain=103.87 38.4697 11.8511 7.89974 7.63695 6.18869
threshold=0.59411764705882364 0.076358287123204485 0.022155840690860146 -0.012370580808080808 0.10520889853499731 -0.066666666666666693
decision_type=2 2 2 2 2 2
left_child=4 2 -2 -3 -1 -6
right_child=1 3 -4 -5 5 -7
leaf_value=-0.0349580523315964 0.0057160226992899865 0.0083095151486785312 -0.013770880618740254 0.029400683551149304 -0.027198642896679084 0.00050558787919264484
leaf_weight=55.394106870517135 87.609544334933162 23.919312477111816 38.887543734163046 73.373151138424873 12.27068340778351 13.778756348416207
leaf_count=640 319 41 180 109 135 101
internal_value=0 0.0105698 -0.000349014 0.0245477 -0.0286008 -0.0133395
internal_weight=305.233 223.79 126.497 97.2925 81.4435 26.0494
internal_count=1525 649 499 150 876 236
is_linear=0
shrinkage=0.03


Tree=3
num_leaves=7
num_cat=0
split_feature=35 1 53 0 28 19
split_gain=89.36 20.9813 19.1923 9.44544 7.97554 4.93461
threshold=0.70820433436532515 0.21196059518150792 0.28759398496240612 2.4414009612931857 0.10266545049153745 1.0000000180025095e-35
decision_type=2 2 2 2 2 2
left_child=2 4 3 -1 -2 -4
right_child=1 -3 5 -5 -6 -7
leaf_value=-0.0005446101511611544 0.014449147024126637 0.03067657079071022 -0.0091423137455310336 -0.029138261606070155 -0.00044361328063230356 0.020030480840125486
leaf_weight=12.406658127903937 62.401352029293776 45.580623254179955 7.3421099558472642 83.844283372163773 63.30518727004528 9.9529298320412636
leaf_count=49 163 65 43 928 236 41
internal_value=0 0.0136258 -0.020435 -0.0255997 0.00701275 0.00767111
internal_weight=284.833 171.287 113.546 96.2509 125.707 17.295
internal_count=1525 464 1061 977 399 84
is_linear=0
shrinkage=0.03


Tree=4
num_leaves=7
num_cat=0
split_feature=35 34 42 39 34 51
split_gain=80.6589 26.9903 8.26186 6.86687 6.6319 3.53309
threshold=0.59411764705882364 0.095602222294195557 0.00047348484848484812 0.10882352941176472 -0.036518844776454923 0.93095238095238109
decision_type=2 2 2 2 2 2
left_child=3 2 -2 -1 -5 -3
right_child=1 5 -4 4 -6 -7
leaf_value=0.010625522848662286 0.005705462218537672 0.0190919898620041 -0.012145347533514832 -0.038234926427483155 -0.017561922462398984 0.036967042582767444
leaf_weight=3.0611343868076792 98.772134557366371 52.644706323742867 28.292670663446188 34.056985151022673 35.764030469581485 17.794799715280533
leaf_count=21 379 95 150 458 397 25
internal_value=0 0.00996504 0.00155764 -0.0265493 -0.0285132 0.0245865
internal_weight=270.386 197.504 127.065 72.8822 69.821 70.4395
internal_count=1525 649 529 876 855 120
is_linear=0
shrinkage=0.03


Tree=5
num_leaves=7
num_cat=0
split_feature=35 34 28 39 34 44
split_gain=69.2661 23.287 8.61726 6.7875 5.60093 3.62352
threshold=0.59411764705882364 0.095602222294195557 0.10266545049153745 0.10882352941176472 -0.036518844776454923 0.042439553758033662
decision_type=2 2 2 2 2 2
left_child=3 2 -2 -1 -5 -3
right_child=1 5 -4 4 -6 -7
leaf_value=0.010719628508943001 0.0085376854814296303 0.012115974356168398 -0.0070748856649435372 -0.036901057221110846 -0.017129657141008746 0.028880570863792695
leaf_weight=3.228478241711854 69.112711640074849 23.977935984730721 55.394207198172808 31.282753128558397 34.658367894589901 42.259449675679207
leaf_count=21 241 50 288 458 397 70
internal_value=0 0.00933914 0.00154205 -0.0252926 -0.0274078 0.0234327
internal_weight=259.914 190.744 124.507 69.1696 65.9411 66.2374
internal_count=1525 649 529 876 855 120
is_linear=0
shrinkage=0.03


Tree=6
num_leaves=7
num_cat=0
split_feature=35 34 53 42 29 30
split_gain=60.0177 15.4585 15.3703 9.68259 8.23054 5.78551
threshold=0.70820433436532515 0.076358287123204485 0.28759398496240612 0.0015016233766233791 4.0342014792848504 0.61483516483516498
decision_type=2 2 2 2 2 2
left_child=2 3 5 -2 -3 -1
right_child=1 4 -4 -5 -6 -7
leaf_value=-0.025749987716245013 0.0070953590706979153 0.026496324226579552 0.0073791695160912059 -0.019053789757746402 0.0032394892388693071 0.0013172392228499867
leaf_weight=74.673490468412638 62.212289955466986 57.845292761921883 16.445147659629583 13.864663563668726 19.347124740481377 7.1632501911371937
leaf_count=922 231 105 84 83 45 55
internal_value=0 0.011684 -0.0180906 0.00188695 0.0209721 -0.0233343
internal_weight=251.551 153.269 98.2819 76.077 77.1924 81.8367
internal_count=1525 464 1061 314 150 977
is_linear=0
shrinkage=0.03


Tree=7
num_leaves=7
num_cat=0
split_feature=35 1 39 29 34 45
split_gain=54.8309 18.6126 6.759 6.44548 4.77166 1.75052
threshold=0.59411764705882364 0.21196059518150792 0.10882352941176472 4.0163424379838117 -0.036518844776454923 0.72380952380952401
decision_type=2 2 2 2 2 2
left_child=2 3 -1 -2 -4 -3
right_child=1 5 4 -5 -6 -7
leaf_value=0.011624768271283567 0.0069638141844150887 0.015779617837763684 -0.034450608970405319 -0.0078846378682692446 -0.015654623409314006 0.033526130825723539
leaf_weight=3.4382357634603968 108.01544107683003 17.03116238117218 29.06683792360127 32.443136651068926 33.223501769825816 20.597420081496239
leaf_count=21 431 32 458 153 397 33
internal_value=0 0.00865394 -0.0230104 0.00342946 -0.0253177 0.026847
internal_weight=243.816 178.087 65.7286 140.459 62.2903 37.6286
internal_count=1525 649 876 584 855 65
is_linear=0
shrinkage=0.03


Tree=8
num_leaves=7
num_cat=0
split_feature=35 1 28 39 34 45
split_gain=47.3816 17.5381 6.5775 6.31918 4.00517 2.06264
threshold=0.59411764705882364 0.21196059518150792 0.10359135784804695 0.10882352941176472 -0.045743977899090037 0.72380952380952401
decision_type=2 2 2 2 2 2
left_child=3 2 -2 -1 -5 -3
right_child=1 5 -4 4 -6 -7
leaf_value=0.010781983812911965 0.0089138422738452329 0.014738557430538538 -0.0038719103256484562 -0.037507228289630379 -0.017813985433999636 0.03333085400727015
leaf_weight=3.618366338312625 75.819040322676301 16.756839342415333 65.343800522387028 16.323317160829902 42.731066903099418 19.246141135692596
leaf_count=21 264 32 320 275 580 33
internal_value=0 0.00794526 0.00298204 -0.0220111 -0.024406 0.0260664
internal_weight=239.839 177.166 141.163 62.6728 59.0544 36.003
internal_count=1525 649 584 876 855 65
is_linear=0
shrinkage=0.03


Tree=9
num_leaves=7
num_cat=0
split_feature=34 1 53 41 51 10
split_gain=44.2263 11.3285 9.97847 8.02632 5.21078 4.29246
threshold=0.010693594622229395 0.21196059518150792 0.28759398496240612 0.79289215686274528 0.76568627450980398 5.5000000000000009
decision_type=2 2 2 2 2 2
left_child=2 4 3 -1 -2 -4
right_child=1 -3 5 -5 -6 -7
leaf_value=-0.025231827143920138 0.0095246776209056121 0.025110712836015119 -0.01374605625951641 -0.0015170946300681486 -0.005210933539078381 0.012927508844367861
leaf_weight=59.831041586585343 76.131513824686408 35.041933797299862 6.4770865514874485 17.242758762091398 27.798672486096621 12.91252890229225
leaf_count=820 249 65 44 166 122 59
internal_value=0 0.0107755 -0.0154275 -0.0201749 0.00550267 0.00328455
internal_weight=235.436 138.972 96.4634 77.0738 103.93 19.3896
internal_count=1525 436 1089 986 371 103
is_linear=0
shrinkage=0.03


Tree=10
num_leaves=7
num_cat=0
split_feature=35 0 29 28 38 34
split_gain=43.7279 15.9944 6.99358 6.45973 5.67805 3.74819
threshold=0.59411764705882364 1.7316163862908043 3.9219243190762363 0.10266545049153745 -0.22021287027539052 -0.036518844776454923
decision_type=2 2 2 2 2 2
left_child=4 2 -2 -3 -1 -6
right_child=1 3 -4 -5 5 -7
leaf_value=0.0097806209257206168 0.026072796872374095 0.0066594372188206194 0.00415528461493946 -0.0080035012431844965 -0.033115549348309299 -0.015125014073810707
leaf_weight=3.492291120812296 42.948255367577076 62.809271212667227 20.71242943406105 44.321413196623325 24.941347727552056 30.707649864256382
leaf_count=28 85 234 54 276 452 396
internal_value=0 0.00771545 0.0193769 0.000502698 -0.0218046 -0.0241614
internal_weight=229.933 170.791 63.6607 107.131 59.1413 55.649
internal_count=1525 649 139 510 876 848
is_linear=0
shrinkage=0.03


Tree=11
num_leaves=7
num_cat=0
split_feature=35 0 29 31 39 34
split_gain=39.7018 15.6816 8.12293 6.09175 5.90857 3.2562
threshold=0.59411764705882364 1.7316163862908043 4.0859410030639109 0.16985214569058785 0.10882352941176472 -0.036518844776454923
decision_type=2 2 2 2 2 2
left_child=4 2 -2 -3 -1 -6
right_child=1 3 -4 -5 5 -7
leaf_value=0.010525201520127628 0.025129387949737663 0.0025478419235560488 0 -0.0217651017927212 -0.03210930862270317 -0.014875785217554865
leaf_weight=3.6182091161608687 46.647962488234043 97.330706005915999 15.573111206293104 8.2241399809718114 24.170585353858769 29.964577741920948
leaf_count=21 96 443 43 67 458 397
internal_value=0 0.00740202 0.0190924 0.000228251 -0.0210312 -0.0235471
internal_weight=225.529 167.776 62.2211 105.555 57.7534 54.1352
internal_count=1525 649 139 510 876 855
is_linear=0
shrinkage=0.03


Tree=12
num_leaves=7
num_cat=0
split_feature=34 1 53 30 29 6
split_gain=35.8633 10.1774 8.40148 5.75737 5.16461 3.61222
threshold=0.010693594622229395 0.21196059518150792 0.28759398496240612 0.61483516483516498 4.0163424379838117 0.32291666666666669
decision_type=2 2 2 2 2 2
left_child=2 4 3 -1 -2 -4
right_child=1 -3 5 -5 -6 -7
leaf_value=-0.021629306676494663 0.008444292386833167 0.024051817008763354 0.01153997275088752 0.0058055866906540745 -0.0076082768987205673 -0.013905017644841125
leaf_weight=65.048220548778772 77.718444332480431 32.487725012004375 13.011652130633594 6.4706912692636243 21.240486299619079 5.4824190251529208
leaf_count=932 267 65 63 54 104 40
internal_value=0 0.00993534 -0.0144093 -0.0189751 0.00485688 0.00308337
internal_weight=221.46 131.447 90.013 71.5189 98.9589 18.4941
internal_count=1525 436 1089 986 371 103
is_linear=0
shrinkage=0.03


Tree=13
num_leaves=7
num_cat=0
split_feature=35 1 29 38 46 45
split_gain=34.6199 11.4315 6.06871 5.9807 2.45618 2.2914
threshold=0.59411764705882364 0.21196059518150792 4.0163424379838117 -0.22021287027539052 0.0025774867484333751 0.72380952380952401
decision_type=2 2 2 2 2 2
left_child=3 2 -2 -1 -5 -3
right_child=1 5 -4 4 -6 -7
leaf_value=0.011491758157805072 0.0062622633490805619 0.011197535598720804 -0.0091565608353818967 -0.026736173259808864 -0.0095874289519354977 0.030375453400976509
leaf_weight=3.6317688822746268 103.24199047684669 15.130984187126161 27.266001621261239 37.656243953853846 14.68314612470567 16.65268924087286
leaf_count=28 431 32 153 646 202 33
internal_value=0 0.00703314 0.00290607 -0.0199321 -0.0225657 0.0226266
internal_weight=218.263 162.292 130.508 55.9712 52.3394 31.7837
internal_count=1525 649 584 876 848 65
is_linear=0
shrinkage=0.03


Tree=14
num_leaves=7
num_cat=0
split_feature=35 0 29 43 38 34
split_gain=31.6281 12.6331 6.08463 5.98099 5.28297 2.47522
threshold=0.59411764705882364 1.7316163862908043 3.9219243190762363 0.39642857142857152 -0.22021287027539052 -0.036518844776454923
decision_type=2 2 2 2 2 2
left_child=4 2 -2 -3 -1 -6
right_child=1 3 -4 -5 5 -7
leaf_value=0.0098112828533821021 0.02419451139488563 0.0089680337895859247 0.0028327115121082676 -0.005478815667062196 -0.030055183840225756 -0.01403128547225186
leaf_weight=3.7332399766892186 38.868122033774853 41.015910685062408 18.77237755805254 62.310834158211946 22.092306451871991 27.876029985025525
leaf_count=28 85 169 54 341 452 396
internal_value=0 0.00667034 0.0176663 0.000260342 -0.0195156 -0.0221153
internal_weight=214.669 160.967 57.6405 103.327 53.7016 49.9683
internal_count=1525 649 139 510 876 848
is_linear=0
shrinkage=0.03


Tree=15
num_leaves=7
num_cat=0
split_feature=34 0 28 30 29 34
split_gain=28.6576 10.5964 8.4297 6.13709 5.2146 3.87882
threshold=-0.0030717810239914533 1.7316163862908043 0.10266545049153745 0.62426470588235305 4.0859410030639109 -0.040134398111415281
decision_type=2 2 2 2 2 2
left_child=3 4 -3 5 -2 -1
right_child=1 2 -4 -5 -6 -7
leaf_value=-0.030061064519699594 0.0223410163314317 0.0083177840906464382 -0.0099336292815837956 0.012831285407071499 0.00061015021129633964 -0.012452554326044592
leaf_weight=18.822429150342941 42.522940099239349 53.89941369369626 36.358606547117233 4.4569274242967358 13.681500341743229 42.254475666210055
leaf_count=394 96 194 231 34 43 533
internal_value=0 0.00737004 0.000844578 -0.0162019 0.017357 -0.0187553
internal_weight=211.996 146.462 90.258 65.5338 56.2044 61.0769
internal_count=1525 564 425 961 139 927
is_linear=0
shrinkage=0.03


Tree=16
num_leaves=7
num_cat=0
split_feature=35 53 1 49 30 19
split_gain=27.7896 10.5114 9.25119 5.38827 4.17141 3.05979
threshold=0.70820433436532515 0.28759398496240612 0.21196059518150792 0.75657894736842113 0.61483516483516498 1.0000000180025095e-35
decision_type=2 2 2 2 2 2
left_child=1 4 3 -2 -1 -3
right_child=2 5 -4 -5 -6 -7
leaf_value=-0.021128241665474681 -0.0017571258083274666 -0.0072897494830232255 0.02276199233631045 0.012260758984697872 0.0025523979023235697 0.017708659947757364
leaf_weight=59.236511063762009 58.933433635160327 5.432414107024667 29.823047883808613 39.243872126564384 6.5643871407955876 9.1341649554669857
leaf_count=922 253 43 65 146 55 41
internal_value=0 -0.0136337 0.0086382 0.00391919 -0.0186717 0.0082691
internal_weight=208.368 80.3675 128 98.1773 65.8009 14.5666
internal_count=1525 1061 464 399 977 84
is_linear=0
shrinkage=0.03


Tree=17
num_leaves=7
num_cat=0
split_feature=35 35 1 49 46 27
split_gain=27.7216 6.63487 6.3439 6.02672 5.686 1.76576
threshold=0.75735294117647067 0.19615384615384615 0.21196059518150792 0.76568627450980398 -0.018949423876200171 0.55409698996655532
decision_type=2 2 2 2 2 2
left_child=1 -1 3 -2 -3 -4
right_child=2 4 5 -5 -6 -7
leaf_value=-0.030141066787952944 -0.001315480809257768 -0.017857409224214669 0.011564908811768247 0.014669050051880492 -0.0013818724652411493 0.02955333873465954
leaf_weight=13.806331083178518 49.526704180985689 30.443777224048972 15.737651340663435 34.017671197652817 48.008374130353332 13.740682706236838
leaf_count=305 211 354 37 117 473 28
internal_value=0 -0.0120614 0.00988402 0.00531376 -0.00813486 0.0214854
internal_weight=205.281 92.2585 113.023 83.5444 78.4522 29.4783
internal_count=1525 1132 393 328 827 65
is_linear=0
shrinkage=0.03


Tree=18
num_leaves=7
num_cat=0
split_feature=35 1 28 38 40 45
split_gain=26.3225 9.19878 5.85164 5.17466 2.8265 1.48334
threshold=0.59411764705882364 0.21196059518150792 0.10359135784804695 -0.22131181156763671 -0.11182099150849149 0.72380952380952401
decision_type=2 2 2 2 2 2
left_child=3 2 -2 -1 -5 -3
right_child=1 5 -4 4 -6 -7
leaf_value=0.011665248041691979 0.0084357984059357342 0.010805424118202529 -0.0045051885316610852 0.0087172558724908037 -0.022387853529617668 0.027884487470187482
leaf_weight=3.2993488013744345 66.286667773500085 14.130568921566011 55.93449530005455 1.4901485890150059 45.611125933937728 14.723412252962587
leaf_count=26 264 32 320 14 836 33
internal_value=0 0.00628233 0.00248788 -0.0183522 -0.0209666 0.0209575
internal_weight=201.476 151.075 122.221 50.4006 47.1013 28.854
internal_count=1525 649 584 876 850 65
is_linear=0
shrinkage=0.03


Tree=19
num_leaves=7
num_cat=0
split_feature=34 34 20 53 30 20
split_gain=25.1601 6.7243 9.02102 5.9375 4.85516 4.27695
threshold=0.010693594622229395 0.076358287123204485 0.74166666666666681 0.28759398496240612 0.61483516483516498 0.27222222222222231
decision_type=2 2 2 2 2 2
left_child=3 2 -2 4 -1 -3
right_child=1 5 -4 -5 -6 -7
leaf_value=-0.019606742169154843 -0.0037409152005831448 0.020247597881575669 0.02379382680398362 0.0026647669357179457 0.0057184614480295078 0
leaf_weight=57.231412056833506 51.255954507738352 44.063379406929016 11.373037120327352 16.531903523951769 6.4132524374872437 11.817635163664816
leaf_count=932 248 112 38 103 54 38
internal_value=0 0.00872825 0.00174797 -0.0127998 -0.0168669 0.0161171
internal_weight=198.687 118.51 62.629 80.1766 63.6447 55.881
internal_count=1525 436 286 1089 986 150
is_linear=0
shrinkage=0.03


Tree=20
num_leaves=7
num_cat=0
split_feature=35 1 39 28 40 45
split_gain=22.8755 8.31841 5.29217 5.18475 2.76917 1.35281
threshold=0.59411764705882364 0.21196059518150792 0.10882352941176472 0.10266545049153745 -0.11182099150849149 0.72380952380952401
decision_type=2 2 2 2 2 2
left_child=2 3 -1 -2 -4 -3
right_child=1 5 4 -5 -6 -7
leaf_value=0.012709184905979351 0.0079655953941882313 0.010272093710857225 0.0090650978798892581 -0.004308451098380529 -0.021573171798039005 0.026936448277180655
leaf_weight=3.3040969073772422 64.861498550511897 13.714919507503511 1.4786164946854103 55.316001396626234 44.152654223144054 14.02441296726465
leaf_count=21 258 32 14 326 841 33
internal_value=0 0.00590137 -0.0173694 0.00228887 -0.0201155 0.0201439
internal_weight=196.852 147.917 48.9354 120.177 45.6313 27.7393
internal_count=1525 649 876 584 855 65
is_linear=0
shrinkage=0.03


Tree=21
num_leaves=7
num_cat=0
split_feature=35 34 27 39 29 40
split_gain=21.3668 8.52115 5.93955 4.8441 4.04092 2.88361
threshold=0.59411764705882364 0.076358287123204485 0.51887464387464399 0.10882352941176472 3.9219243190762363 -0.11182099150849149
decision_type=2 2 2 2 2 2
left_child=3 2 -2 -1 -3 -5
right_child=1 4 -4 5 -6 -7
leaf_value=0.011867113958958685 0.0052336073879845207 0.020186110991168838 -0.010769397727586255 0.0097548337524464776 0.0019570292813304024 -0.021119853177564617
leaf_weight=3.30603914707899 62.900564039126039 37.517089828848839 28.763792196288705 1.5088390409946431 16.836103096604347 43.365431222133338
leaf_count=21 302 94 197 14 56 841
internal_value=0 0.00573524 2.51596e-05 -0.0169173 0.0149159 -0.0195818
internal_weight=194.198 146.018 91.6644 48.1803 54.3532 44.8743
internal_count=1525 649 499 876 150 855
is_linear=0
shrinkage=0.03


Tree=22
num_leaves=7
num_cat=0
split_feature=34 1 53 35 43 10
split_gain=19.9403 5.50203 5.34402 4.53191 4.37831 3.13623
threshold=0.010693594622229395 0.21196059518150792 0.28759398496240612 0.72252747252747274 0.62019230769230782 5.5000000000000009
decision_type=2 2 2 2 2 2
left_child=2 4 3 -1 -2 -4
right_child=1 -3 5 -5 -6 -7
leaf_value=-0.018340554786085376 0.0077609618164808363 0.019379369984958591 -0.011975423849816615 0.0065285188462625883 -0.007271216629101432 0.012124508152660137
leaf_weight=54.680672734044492 66.574558850377798 26.74342105537653 5.7900637350976494 6.0719304010272017 21.25685591250658 10.703049683943389
leaf_count=949 254 65 44 37 117 59
internal_value=0 0.00789303 -0.0116111 -0.0156305 0.00397521 0.00295942
internal_weight=191.821 114.575 77.2457 60.7526 87.8314 16.4931
internal_count=1525 436 1089 986 371 103
is_linear=0
shrinkage=0.03


Tree=23
num_leaves=7
num_cat=0
split_feature=34 1 53 41 28 26
split_gain=17.9763 5.40695 4.97898 4.63254 4.38609 3.91205
threshold=0.010693594622229395 0.21196059518150792 0.28759398496240612 0.79289215686274528 0.10266545049153745 4.6491756246494491
decision_type=2 2 2 2 2 2
left_child=2 4 3 -1 -2 -4
right_child=1 -3 5 -5 -6 -7
leaf_value=-0.01939530653090716 0.0099374130507749407 0.019063751117307962 0.015153213730366488 0 -0.0032349370746182849 -0.011033767147135368
leaf_weight=46.126540068536997 45.490098364651203 26.162908889353275 8.960483321920039 13.840653633698819 41.310166677460074 7.5662139281630507
leaf_count=820 152 65 47 166 219 56
internal_value=0 0.00755645 -0.0110673 -0.0149958 0.00366917 0.0029436
internal_weight=189.457 112.963 76.4939 59.9672 86.8003 16.5267
internal_count=1525 436 1089 986 371 103
is_linear=0
shrinkage=0.03


Tree=24
num_leaves=7
num_cat=0
split_feature=35 0 28 39 29 40
split_gain=17.095 7.27062 5.34618 4.93661 4.13447 2.8557
threshold=0.59411764705882364 1.7316163862908043 0.10461316309469526 0.10882352941176472 4.0859410030639109 -0.11182099150849149
decision_type=2 2 2 2 2 2
left_child=3 4 -3 -1 -2 -5
right_child=1 2 -4 5 -6 -7
leaf_value=0.013607722020262499 0.019062159423939313 0.0060447487850016773 -0.0084209407440105338 0.010491532797672051 -0.00066413093157011301 -0.01972801373561037
leaf_weight=3.2259778939187518 37.036736875772476 54.802339644171298 36.606429630890489 1.5372445937246073 11.724727872759102 41.972378775477409
leaf_count=21 96 245 265 14 43 841
internal_value=0 0.00525611 0.000131181 -0.015333 0.0143615 -0.0181143
internal_weight=186.906 140.17 91.4088 46.7356 48.7615 43.5096
internal_count=1525 649 510 876 139 855
is_linear=0
shrinkage=0.03


Tree=25
num_leaves=7
num_cat=0
split_feature=34 35 31 45 44 27
split_gain=16.0341 8.30776 5.73945 4.02852 3.41405 1.91007
threshold=0.075115340738488454 0.19615384615384615 0.16903096903096906 0.67261904761904778 0.12457239449700529 0.46532472337133829
decision_type=2 2 2 2 2 2
left_child=1 -1 -3 5 -5 -2
right_child=3 2 -4 4 -6 -7
leaf_value=-0.027395704475699188 0.011759177999662975 -0.00078581920011243801 -0.023602800747319137 0.026080307028523982 0.0031773202059044818 -0.0049569724273097904
leaf_weight=12.134955396875737 9.1900014728307742 111.28377011790872 8.9909221325069648 22.551034949719909 9.3272731453180295 11.354925714433191
leaf_count=305 26 957 107 59 33 38
internal_value=0 -0.00556265 -0.0028987 0.0137381 0.0201394 0.00263408
internal_weight=184.833 132.41 120.275 52.4232 31.8783 20.5449
internal_count=1525 1369 1064 156 92 64
is_linear=0
shrinkage=0.03


Tree=26
num_leaves=7
num_cat=0
split_feature=35 34 42 39 40 46
split_gain=15.2021 6.49274 4.95831 4.4038 2.85351 1.79218
threshold=0.59411764705882364 0.095602222294195557 0.00047348484848484812 0.10882352941176472 -0.11182099150849149 0.057993795326296588
decision_type=2 2 2 2 2 2
left_child=3 2 -2 -1 -5 -3
right_child=1 5 -4 4 -6 -7
leaf_value=0.012662008933183847 0.0040447737596266235 0.018724538581019034 -0.012302938635646049 0.010616248819622405 -0.01907886453389282 0.0041830768127080215
leaf_weight=3.2140905670821658 76.50499795936048 28.302338898181915 19.172997100278735 1.6244720639660943 40.583427312783897 13.658832527697085
leaf_count=21 379 75 150 14 841 45
internal_value=0 0.00498388 0.000522583 -0.0146756 -0.0173717 0.0145333
internal_weight=183.061 137.639 95.678 45.422 42.2079 41.9612
internal_count=1525 649 529 876 855 120
is_linear=0
shrinkage=0.03


Tree=27
num_leaves=7
num_cat=0
split_feature=34 1 8 35 37 45
split_gain=14.567 4.90511 5.46648 4.69022 3.65088 1.72008
threshold=0.010693594622229395 0.21196059518150792 -0.37499999999999994 0.19615384615384615 0.33771929824561409 0.71008403361344541
decision_type=2 2 2 2 2 2
left_child=3 2 -2 -1 -5 -3
right_child=1 5 -4 4 -6 -7
leaf_value=-0.026620997327343774 0.026894802114411965 0.0071072843159785369 0.00066337374744396326 0.0031028974491603494 -0.01165075171568781 0.025322929999673754
leaf_weight=11.411008253693579 5.952952228486537 11.505460850894453 77.821846678853035 21.847508145496249 39.258728111162782 13.119943760335444
leaf_count=305 15 31 356 230 554 34
internal_value=0 0.00691768 0.00318094 -0.0102488 -0.00634959 0.0182107
internal_weight=180.917 108.4 83.7748 72.5172 61.1062 24.6254
internal_count=1525 436 371 1089 784 65
is_linear=0
shrinkage=0.03


Tree=28
num_leaves=7
num_cat=0
split_feature=1 1 30 38 45 28
split_gain=13.5108 6.93414 4.86686 3.41678 1.55794 1.38798
threshold=0.039729047265546526 0.21196059518150792 0.41396725879484503 -0.22021287027539052 0.71008403361344541 0.12356662096472643
decision_type=2 2 2 2 2 2
left_child=3 2 -2 -1 -3 -5
right_child=1 4 -4 5 -6 -7
leaf_value=0.0090861311922079638 0.013290403733791848 0.0071368077679681025 -0.0019195526566478899 -0.023410276478529026 0.02481951632484098 -0.0034981731003727893
leaf_weight=2.5697253122925785 21.078736016526818 11.393890455365183 102.29177924152464 23.202339928597215 12.74813689291477 5.3440733868628731
leaf_count=23 120 31 661 559 34 97
internal_value=0 0.00384024 0.00080188 -0.0173379 0.0178881 -0.0203521
internal_weight=178.629 147.513 123.371 31.1161 24.142 28.5464
internal_count=1525 846 781 679 65 656
is_linear=0
shrinkage=0.03


Tree=29
num_leaves=7
num_cat=0
split_feature=1 34 41 39 29 37
split_gain=12.6767 6.52935 5.32394 3.35665 3.08568 1.31299
threshold=0.039729047265546526 0.075115340738488454 0.062745098039215699 0.10882352941176472 3.9219243190762363 0.03137254901960785
decision_type=2 2 2 2 2 2
left_child=3 2 -2 -1 -3 -5
right_child=1 4 -4 5 -6 -7
leaf_value=0.0090332655387833829 0.02225089711273914 0.017187689687254287 -0.0029324156434589626 0 0.0008345278291196648 -0.021891780780435386
leaf_weight=2.5959637463092831 6.2127272598445407 33.944185022264719 90.261967029422522 2.3061751164495972 16.018107626587152 25.524562515318394
leaf_count=18 24 95 666 41 61 620
internal_value=0 0.00371218 -0.000830771 -0.0169929 0.0122942 -0.0200646
internal_weight=176.864 146.437 96.4747 30.4267 49.9623 27.8307
internal_count=1525 846 690 679 156 661
is_linear=0
shrinkage=0.03


Tree=30
num_leaves=7
num_cat=0
split_feature=35 53 1 28 39 49
split_gain=12.9051 5.75186 4.23379 5.16437 3.31286 2.26899
threshold=0.70820433436532515 0.28759398496240612 0.21196059518150792 0.10266545049153745 0.10882352941176472 0.28991596638655465
decision_type=2 2 2 2 2 2
left_child=1 4 3 -2 -1 -3
right_child=2 5 -4 -5 -6 -7
leaf_value=0.0084101885419640317 0.009910763279862669 0.018422173258719324 0.017155134239006706 -0.0045313620877308275 -0.016658708453584449 -0.0035198306379256262
leaf_weight=3.6932241655886164 44.174356445670128 5.5002708099782449 23.460131857544184 40.74940506927669 49.52152338437736 7.7880902141332626
leaf_count=25 163 25 65 236 952 59
internal_value=0 -0.0102285 0.00634768 0.00296708 -0.0145686 0.00639172
internal_weight=174.887 66.5031 108.384 84.9238 53.2147 13.2884
internal_count=1525 1061 464 399 977 84
is_linear=0
shrinkage=0.03


Tree=31
num_leaves=7
num_cat=0
split_feature=35 53 1 28 39 49
split_gain=12.0067 5.93818 4.16228 4.79576 3.45333 2.44518
threshold=0.70820433436532515 0.28759398496240612 0.21196059518150792 0.10266545049153745 0.10882352941176472 0.28991596638655465
decision_type=2 2 2 2 2 2
left_child=1 4 3 -2 -1 -3
right_child=2 5 -4 -5 -6 -7
leaf_value=0.0085048651685277858 0.009494609309217061 0.01928188185419346 0.016966236707764204 -0.0044838415553893765 -0.016513826034625537 -0.003507927852714479
leaf_weight=3.9514443464577189 44.037349183112383 5.6068106573075038 23.087351091206074 40.126202745363116 49.062787042930722 7.665332144126296
leaf_count=25 163 25 65 236 952 59
internal_value=0 -0.00986811 0.00616798 0.00281116 -0.0142986 0.00699105
internal_weight=173.537 66.2864 107.251 84.1636 53.0142 13.2721
internal_count=1525 1061 464 399 977 84
is_linear=0
shrinkage=0.03


Tree=32
num_leaves=7
num_cat=0
split_feature=34 42 42 43 29 53
split_gain=11.4138 7.83486 6.27513 4.64503 3.49279 2.88893
threshold=0.031620765120788194 -0.018361326173826176 -0.016566766566766564 0.31456043956043961 1.2424533248940004 0.31860902255639106
decision_type=2 2 2 2 2 2
left_child=2 -2 3 -1 -3 -4
right_child=1 4 5 -5 -6 -7
leaf_value=-0.0053415936593266154 -0.013111570268639107 -0.0051236335986474995 -0.01490601826933171 0.016624263650358823 0.015314546418071472 0
leaf_weight=18.221711527556185 10.596838137134908 7.1837380081415168 52.577150760218501 13.060241805389522 56.086190599948168 13.902903765439985
leaf_count=220 52 25 822 106 211 89
internal_value=0 0.00876992 -0.00666932 0.00409679 0.0128162 -0.0117946
internal_weight=171.629 73.8668 97.762 31.282 63.2699 66.4801
internal_count=1525 288 1237 326 236 911
is_linear=0
shrinkage=0.03


Tree=33
num_leaves=7
num_cat=0
split_feature=35 29 30 20 53 39
split_gain=11.8573 3.95852 4.31025 4.08056 3.82601 3.10974
threshold=0.69615384615384623 4.0163424379838117 0.46069623806850091 0.27222222222222231 0.28759398496240612 0.10882352941176472
decision_type=2 2 2 2 2 2
left_child=4 3 -3 -2 5 -1
right_child=1 2 -4 -5 -6 -7
leaf_value=0.0085399672123200703 0.013864075910116302 0.01409093513012347 -0.010752805229355622 0 0.0040988276598995614 -0.016134658385208927
leaf_weight=3.5220321267843238 53.661574637517333 6.7409263569861677 20.025622993707657 28.25271756760776 11.681442195549606 45.687910882756114
leaf_count=23 217 28 113 133 79 932
internal_value=0 0.00591062 -0.00374287 0.00915055 -0.0104019 -0.0139869
internal_weight=169.572 108.681 26.7665 81.9143 60.8914 49.2099
internal_count=1525 491 141 350 1034 955
is_linear=0
shrinkage=0.03


Tree=34
num_leaves=7
num_cat=0
split_feature=35 53 34 42 39 49
split_gain=11.0967 4.79135 3.33665 7.7381 2.77297 2.25637
threshold=0.70820433436532515 0.28759398496240612 0.095602222294195557 0.00047348484848484812 0.10882352941176472 0.28991596638655465
decision_type=2 2 2 2 2 2
left_child=1 4 3 -2 -1 -3
right_child=2 5 -4 -5 -6 -7
leaf_value=0.0075448453535213299 0.0069867508237520725 0.017894187648000204 0.012811994914045943 -0.017063604593244245 -0.015720224025466172 -0.0043135236054566246
leaf_weight=3.5514073073863974 52.767564062029123 5.3247569873929006 38.314376126974821 13.391642067581413 47.306717602536082 7.3567364197224379
leaf_count=25 244 25 120 100 952 59
internal_value=0 -0.00971196 0.00597818 0.00167271 -0.0137581 0.00576985
internal_weight=168.013 63.5396 104.474 66.1592 50.8581 12.6815
internal_count=1525 1061 464 344 977 84
is_linear=0
shrinkage=0.03


Tree=35
num_leaves=7
num_cat=0
split_feature=34 53 29 42 53 49
split_gain=11.0023 4.15238 3.92643 6.52442 3.76357 3.57167
threshold=-0.0030717810239914533 0.39230769230769241 4.0163424379838117 -0.023098568098568095 0.56904761904761914 0.79289215686274528
decision_type=2 2 2 2 2 2
left_child=1 5 4 -4 -2 -1
right_child=2 -3 3 -5 -6 -7
leaf_value=-0.018322608626874681 0.0050068297790761846 0.010597026229211532 -0.027240152838159611 0.0037361334125941203 0.021168869213280858 0.0012997319300801695
leaf_weight=36.487452541477978 71.321320276707411 5.1896929945796719 6.1784580666571882 22.059710907749832 15.085183821618555 9.6269059013575298
leaf_count=781 353 31 42 119 50 149
internal_value=0 -0.0112916 0.00516002 -0.00419642 0.0083114 -0.0142178
internal_weight=165.949 51.3041 114.645 28.2382 86.4065 46.1144
internal_count=1525 961 564 161 403 930
is_linear=0
shrinkage=0.03


Tree=36
num_leaves=7
num_cat=0
split_feature=1 34 31 38 46 28
split_gain=9.64152 4.89661 4.28799 2.64661 1.25974 1.03702
threshold=0.039729047265546526 0.095602222294195557 0.16985214569058785 -0.22021287027539052 0.057993795326296588 0.12356662096472643
decision_type=2 2 2 2 2 2
left_child=3 2 -2 -1 -3 -5
right_child=1 4 -4 5 -6 -7
leaf_value=0.0082714156839474792 0.001743955823990207 0.015894804738338614 -0.019429946551391956 -0.020880518148478647 0.002882597030922552 -0.0027869595803518095
leaf_weight=2.4009179249405888 92.370328752323985 25.631623089313507 7.4667925462126723 21.121040459722284 11.833663638681172 4.9384205993264905
leaf_count=23 647 75 79 559 45 97
internal_value=0 0.00334319 -0.000131205 -0.0152892 0.0122912 -0.0181086
internal_weight=165.763 137.302 99.8371 28.4604 37.4653 26.0595
internal_count=1525 846 726 679 120 656
is_linear=0
shrinkage=0.03


Tree=37
num_leaves=7
num_cat=0
split_feature=1 34 31 38 30 37
split_gain=8.94464 4.3782 4.07471 2.57026 1.25308 0.935507
threshold=0.039729047265546526 0.095602222294195557 0.11396103896103897 -0.22021287027539052 0.4542568542568543 0.03137254901960785
decision_type=2 2 2 2 2 2
left_child=3 2 -2 -1 -3 -5
right_child=1 4 -4 5 -6 -7
leaf_value=0.0081889465831806226 0.0044387605905020968 0.020778130144269654 -0.0078787168844435384 0 0.0072113487814960322 -0.01943214739916382
leaf_weight=2.4211761839687851 63.211635440587997 9.4818368926644307 36.387664762325585 2.3411211250349906 27.56742275506258 23.110368041321635
leaf_count=23 436 28 290 43 92 613
internal_value=0 0.00320815 -6.87673e-05 -0.01489 0.0117235 -0.0177408
internal_weight=164.521 136.649 99.5993 27.8727 37.0493 25.4515
internal_count=1525 846 726 679 120 656
is_linear=0
shrinkage=0.03


Tree=38
num_leaves=7
num_cat=0
split_feature=35 53 29 42 20 39
split_gain=8.76997 4.77498 3.25529 5.72729 3.05215 2.16354
threshold=0.70820433436532515 0.28759398496240612 4.0163424379838117 -0.023098568098568095 0.27222222222222231 0.10882352941176472
decision_type=2 2 2 2 2 2
left_child=1 5 4 -4 -2 -1
right_child=2 -3 3 -5 -6 -7
leaf_value=0.0055185754924370455 0.012593085403211952 0.0064785574181249776 -0.025354735955206435 0.0044178194514143598 0 -0.014875051835689506
leaf_weight=3.7287870645523062 50.453845232725143 12.739093225449322 5.8870936986058977 19.852240517735481 25.928688738495111 44.823753742966801
leaf_count=25 207 84 35 99 123 952
internal_value=0 -0.0088069 0.00535337 -0.00351255 0.00843095 -0.0130338
internal_weight=163.414 61.2916 102.122 25.7393 76.3825 48.5525
internal_count=1525 1061 464 134 330 977
is_linear=0
shrinkage=0.03


Tree=39
num_leaves=7
num_cat=0
split_feature=1 34 31 38 29 28
split_gain=7.85093 4.21781 3.54217 2.66349 1.15219 0.92682
threshold=0.039729047265546526 0.095602222294195557 0.16985214569058785 -0.22021287027539052 3.9796379800581989 0.12356662096472643
decision_type=2 2 2 2 2 2
left_child=3 2 -2 -1 -3 -5
right_child=1 4 -4 5 -6 -7
leaf_value=0.0089056970306045282 0.0014755360291425351 0.014698682668616604 -0.018184672592101634 -0.019875539411732191 0.0017830574003185739 -0.0024491891168275368
leaf_weight=2.4872152432799366 91.895986893214285 25.913989946246147 7.0339787267148486 19.921991895418618 10.220740053802727 4.7804058697074643
leaf_count=23 647 81 79 559 39 97
internal_value=0 0.00300848 -0.000195512 -0.0141268 0.0114879 -0.0171639
internal_weight=162.254 135.065 98.93 27.1896 36.1347 24.7024
internal_count=1525 846 726 679 120 656
is_linear=0
shrinkage=0.03


Tree=40
num_leaves=7
num_cat=0
split_feature=35 53 1 28 39 49
split_gain=7.38464 4.28978 2.66568 4.51471 2.17872 1.80987
threshold=0.70820433436532515 0.28759398496240612 0.21196059518150792 0.10266545049153745 0.10882352941176472 0.28991596638655465
decision_type=2 2 2 2 2 2
left_child=1 4 3 -2 -1 -3
right_child=2 5 -4 -5 -6 -7
leaf_value=0.0062820553925608067 0.0088635070406916441 0.016872988298141836 0.013904492415883964 -0.0050511113033475915 -0.014167551309259502 -0.0029674419014893167
leaf_weight=3.6662754267454138 41.532672014087439 5.4529638234525901 21.356393486261368 38.200278323143721 43.687408092897385 7.3096324186772108
leaf_count=25 163 25 65 236 952 59
internal_value=0 -0.00817104 0.00492345 0.00216309 -0.0122723 0.00624064
internal_weight=161.206 60.1163 101.089 79.733 47.3537 12.7626
internal_count=1525 1061 464 399 977 84
is_linear=0
shrinkage=0.03


Tree=41
num_leaves=7
num_cat=0
split_feature=34 35 36 20 44 26
split_gain=7.27571 4.45977 4.08609 2.8209 4.82619 0.56545
threshold=0.075115340738488454 0.19615384615384615 0.36729955502014328 0.27222222222222231 0.042439553758033662 5.2704288588135384
decision_type=2 2 2 2 2 2
left_child=1 5 -3 4 -2 -1
right_child=3 2 -4 -5 -6 -7
leaf_value=-0.023662022170892211 0 -0.00035589322635663507 -0.024314112145860708 -0.0033116576480290926 0.022238650931254104 0
leaf_weight=8.7072371253743732 14.145684376358984 99.74210950685665 4.8978322334587565 9.7725501321256143 21.083193473517895 0.88817235827446062
leaf_count=288 53 1003 61 42 61 17
internal_value=0 -0.00402751 -0.00196853 0.00996009 0.013783 -0.0217513
internal_weight=159.237 114.235 104.64 45.0014 35.2289 9.59541
internal_count=1525 1369 1064 156 114 305
is_linear=0
shrinkage=0.03


Tree=42
num_leaves=7
num_cat=0
split_feature=1 29 30 34 38 28
split_gain=6.99202 3.59032 5.92271 3.31712 2.31208 0.945044
threshold=0.039729047265546526 3.9981586158983733 0.46069623806850091 0.076358287123204485 -0.22021287027539052 0.12356662096472643
decision_type=2 2 2 2 2 2
left_child=4 3 -3 -2 -1 -6
right_child=1 2 -4 -5 5 -7
leaf_value=0.0078308763813414867 0.0016371680469059822 0.012140606972694855 -0.013346915756835344 0.013285550063590595 -0.019345102888797101 -0.0018938932957066475
leaf_weight=2.4976568613201406 66.167113211937249 10.04967302456498 23.602260721847415 32.648376200348139 18.939961933996532 4.6729050390422335
leaf_count=23 507 56 178 105 559 97
internal_value=0 0.00284458 -0.00531306 0.00573249 -0.0136071 -0.0165434
internal_weight=158.578 132.467 33.6519 98.8155 26.1105 23.6129
internal_count=1525 846 234 612 679 656
is_linear=0
shrinkage=0.03


Tree=43
num_leaves=7
num_cat=0
split_feature=34 29 26 52 36 53
split_gain=6.47838 4.01039 6.4804 2.78796 2.77637 2.43871
threshold=0.010693594622229395 4.0163424379838117 4.5485858369352732 -0.069047619047619066 0.082024930935292686 0.56904761904761914
decision_type=2 2 2 2 2 2
left_child=3 5 -3 -1 -5 -2
right_child=1 2 -4 4 -6 -7
leaf_value=-0.014996006639407179 0.0051238840911178923 -0.025240936893676812 0.0051225545692754268 -0.0051544660107977636 0.016913822350258265 0.019005869693985062
leaf_weight=24.379364808090031 59.212658237665892 7.5613338686525848 16.62302134744823 32.928017212077975 3.970259189605712 13.833716645836828
leaf_count=587 266 40 84 476 26 46
internal_value=0 0.0047832 -0.0053444 -0.00750092 -0.00187811 0.00826929
internal_weight=158.508 97.2307 24.1844 61.2776 36.8983 73.0464
internal_count=1525 436 124 1089 502 312
is_linear=0
shrinkage=0.03


Tree=44
num_leaves=7
num_cat=0
split_feature=34 48 52 53 6 49
split_gain=6.24022 2.97848 3.54013 2.75768 2.40317 2.15277
threshold=0.010693594622229395 0.14449964154864184 0.46291208791208799 0.28759398496240612 0.32291666666666669 0.89379699248120315
decision_type=2 2 2 2 2 2
left_child=3 2 -2 5 -5 -1
right_child=1 -3 -4 4 -6 -7
leaf_value=-0.013505695002050377 0.010078550839606237 -0.011646030431206414 -0.0027110534594816838 0.01121958960783888 -0.011131361174601678 0.0031488952278713911
leaf_weight=39.472852708306164 63.261132165789604 7.083405375480651 25.810733236372471 10.084170358255504 4.6603799778968087 6.9312927303835741
leaf_count=891 284 42 110 63 40 95
internal_value=0 0.00473286 0.00632842 -0.00735654 0.00331095 -0.0108668
internal_weight=157.304 96.1553 89.0719 61.1487 14.7446 46.4041
internal_count=1525 436 394 1089 103 986
is_linear=0
shrinkage=0.03


Tree=45
num_leaves=7
num_cat=0
split_feature=34 53 49 1 28 0
split_gain=6.22321 3.56447 3.03359 3.02334 6.05228 1.13237
threshold=-0.0030717810239914533 0.39230769230769241 0.79289215686274528 0.21196059518150792 0.10266545049153745 1.1785366391390579
decision_type=2 2 2 2 2 2
left_child=1 2 -1 4 -2 -5
right_child=3 -3 -4 5 -6 -7
leaf_value=-0.01612112088888408 0.0084414264436203593 0.011066662127930975 0.0025386549678333816 0.0048699366739723936 -0.0068407510355281012 0.020832749979979429
leaf_weight=32.275197446346283 48.327073686756194 5.1133467797189942 8.8442341797053796 10.534793399274351 41.280835133977234 9.4483831636607629
leaf_count=781 218 31 149 35 281 30
internal_value=0 -0.00900433 -0.0120369 0.00389192 0.00134005 0.013899
internal_weight=155.824 46.2328 41.1194 109.591 89.6079 19.9832
internal_count=1525 961 930 564 499 65
is_linear=0
shrinkage=0.03


Tree=46
num_leaves=7
num_cat=0
split_feature=34 20 1 34 45 44
split_gain=6.61202 3.64785 6.19822 5.40235 2.55251 2.05692
threshold=0.075115340738488454 0.71825396825396837 0.076159470428269913 0.038907454040247876 0.67261904761904778 0.074408434613878541
decision_type=2 2 2 2 2 2
left_child=1 3 -3 -1 -2 -6
right_child=4 2 -4 -5 5 -7
leaf_value=-0.0032011915212568835 0 -0.0092435360822956253 0.022054718560890786 -0.023762488119171688 0.02446796371334 0.0063946984559521466
leaf_weight=80.452792602591217 16.045921858400106 8.9581475434824842 9.9375503957271558 11.857237210497258 10.819520063698294 15.991368141025303
leaf_count=1057 64 187 36 89 32 60
internal_value=0 -0.00386237 0.00746504 -0.00635383 0.00974751 0.0150886
internal_weight=154.063 111.206 18.8957 92.31 42.8568 26.8109
internal_count=1525 1369 223 1146 156 92
is_linear=0
shrinkage=0.03


Tree=47
num_leaves=7
num_cat=0
split_feature=34 29 30 52 1 1
split_gain=6.21631 3.51363 3.9577 2.48369 2.39627 2.36914
threshold=0.010693594622229395 4.0163424379838117 0.46069623806850091 -0.069047619047619066 0.065381883162190416 0.22090134454939295
decision_type=2 2 2 2 2 2
left_child=3 5 -3 -1 -5 -2
right_child=1 2 -4 4 -6 -7
leaf_value=-0.014490151129312054 0.0050503710983292238 0.013635740318910869 -0.012125441998636825 0.0011026825140459499 -0.018677100820658807 0.019203637406176022
leaf_weight=23.895697696134448 57.067839369177818 5.4626319315284517 16.912655784748495 32.330982249230146 4.508394304662942 12.694383349269627
leaf_count=587 271 23 101 456 46 41
internal_value=0 0.00487515 -0.00498726 -0.00731543 -0.00200059 0.00817283
internal_weight=152.873 92.1375 22.3753 60.7351 36.8394 69.7622
internal_count=1525 436 124 1089 502 312
is_linear=0
shrinkage=0.03


Tree=48
num_leaves=7
num_cat=0
split_feature=35 53 1 43 48 19
split_gain=6.31855 3.37901 2.44665 3.51758 1.94644 1.43597
threshold=0.70820433436532515 0.28759398496240612 0.21196059518150792 0.62019230769230782 -0.13569326791767725 1.0000000180025095e-35
decision_type=2 2 2 2 2 2
left_child=1 4 3 -2 -1 -3
right_child=2 5 -4 -5 -6 -7
leaf_value=0.0072103446191142838 0.0058034722132280251 -0.0049242617978588789 0.013874347686157662 -0.008487746607580891 -0.013248367269219319 0.01310738140244861
leaf_weight=2.983743615448474 57.162902073934674 5.1201434247195703 18.870615936815739 18.857531860470772 41.70572444377467 6.8708373382687569
leaf_count=55 267 43 65 132 922 41
internal_value=0 -0.00776891 0.00470511 0.00205481 -0.0115036 0.00537575
internal_weight=151.571 56.6804 94.891 76.0204 44.6895 11.991
internal_count=1525 1061 464 399 977 84
is_linear=0
shrinkage=0.03


Tree=49
num_leaves=7
num_cat=0
split_feature=34 53 49 1 28 0
split_gain=5.72548 2.986 2.89561 2.18302 5.03838 1.02699
threshold=-0.0030717810239914533 0.39230769230769241 0.79289215686274528 0.21196059518150792 0.10266545049153745 1.1785366391390579
decision_type=2 2 2 2 2 2
left_child=1 2 -1 4 -2 -5
right_child=3 -3 -4 5 -6 -7
leaf_value=-0.015552004686944874 0.0082954074898283509 0.0097183635790727557 0.0027567640767525541 0.0039443229001489589 -0.0058639175246142095 0.019358468486450151
leaf_weight=31.563303118571639 46.013540249317884 5.083186224102973 8.7327354550361616 10.005693256855013 40.507821730338037 8.804995294660328
leaf_count=781 218 31 149 35 281 30
internal_value=0 -0.00868634 -0.0114996 0.00383438 0.00161576 0.0126148
internal_weight=150.711 45.3792 40.296 105.332 86.5214 18.8107
internal_count=1525 961 930 564 499 65
is_linear=0
shrinkage=0.03


Tree=50
num_leaves=7
num_cat=0
split_feature=1 29 0 48 38 28
split_gain=5.43133 3.67516 3.37839 2.81964 1.95503 0.744098
threshold=0.039729047265546526 4.0342014792848504 1.7316163862908043 -0.061842907496133852 -0.22021287027539052 0.12356662096472643
decision_type=2 2 2 2 2 2
left_child=4 2 -2 -3 -1 -6
right_child=1 3 -4 -5 5 -7
leaf_value=0.0075501960741344611 0.013891885191072538 0.010467801973565675 0.0015870648796874331 -0.010513631744846557 -0.0177479143760878 -0.0016198334116129813
leaf_weight=2.354402897879484 28.002526190131903 5.3491762485355165 66.850132611580193 24.787662127055228 17.710082520265136 4.4322143867611876
leaf_count=23 96 32 529 189 559 97
internal_value=0 0.00257781 0.00549351 -0.00618312 -0.0123546 -0.0151697
internal_weight=149.486 124.989 94.8527 30.1368 24.4967 22.1423
internal_count=1525 846 625 221 679 656
is_linear=0
shrinkage=0.03


Tree=51
num_leaves=7
num_cat=0
split_feature=34 26 36 29 31 30
split_gain=5.50854 2.75746 6.11489 4.41371 2.35532 3.59603
threshold=-0.0030717810239914533 4.5271940351011493 0.0062403844113402837 3.6762205501217919 0.070802005012531338 0.40175438596491236
decision_type=2 2 2 2 2 2
left_child=4 2 -2 -3 -1 -6
right_child=1 3 -4 -5 5 -7
leaf_value=-0.020233518197059725 0.0056288845161965003 0.017265263383914552 -0.015706365533172367 0 0.013307330060440374 -0.0088991454166654372
leaf_weight=10.109944443218408 36.234474858269095 24.517239367589355 15.63183998968452 27.685835191048682 6.356333512812852 27.904564081225544
leaf_count=277 177 109 116 162 83 601
internal_value=0 0.00377066 -0.00103431 0.00851734 -0.00862506 -0.00410703
internal_weight=148.44 104.069 51.8663 52.2031 44.3708 34.2609
internal_count=1525 564 293 271 961 684
is_linear=0
shrinkage=0.03


Tree=52
num_leaves=7
num_cat=0
split_feature=35 53 31 31 48 28
split_gain=5.02012 2.80549 2.33657 6.30824 1.78361 1.62219
threshold=0.70820433436532515 0.28759398496240612 0.15863337204800623 0.11948410123296561 -0.13569326791767725 0.1448461279946229
decision_type=2 2 2 2 2 2
left_child=1 4 3 -2 -1 -4
right_child=2 -3 5 -5 -6 -7
leaf_value=0.0072837467263755975 0.0061722184915954641 0.0050474818503936014 0 -0.014528411444835918 -0.012194690817192041 0.018021552090994326
leaf_weight=2.9883181042969218 56.418041093274951 11.726740146055816 7.0729235000908401 15.083308346569536 40.547262279782444 13.751272674649952
leaf_count=55 270 84 41 95 922 58
internal_value=0 -0.0070069 0.00425369 0.00144726 -0.0104647 0.0126557
internal_weight=147.588 55.2623 92.3255 71.5013 43.5356 20.8242
internal_count=1525 1061 464 365 977 99
is_linear=0
shrinkage=0.03


Tree=53
num_leaves=7
num_cat=0
split_feature=35 42 1 28 39 28
split_gain=4.77043 3.00423 2.39835 3.26021 2.34542 1.00202
threshold=0.59411764705882364 -0.018041853979353966 0.21196059518150792 0.10266545049153745 0.10882352941176472 0.049793388429752075
decision_type=2 2 2 2 2 2
left_child=1 4 3 -2 -1 -3
right_child=2 5 -4 -5 -6 -7
leaf_value=0.022626626052377013 0.0062614507396611145 0.00074361769729703871 0.012544932553957002 -0.0047448553576642117 -0.0040495343589107566 -0.016786690740460908
leaf_weight=1.946782425045966 48.585349892266095 2.4219410372898009 17.996738113462925 44.175438398495317 9.5441341269761306 21.848768575116992
leaf_count=6 258 60 65 326 208 602
internal_value=0 -0.00922894 0.0030907 0.000967087 0.00270953 -0.0148855
internal_weight=146.519 35.7616 110.758 92.7608 11.4909 24.2707
internal_count=1525 876 649 584 214 662
is_linear=0
shrinkage=0.03


Tree=54
num_leaves=7
num_cat=0
split_feature=35 29 42 1 42 51
split_gain=4.62686 3.13009 3.47338 3.14664 0.496721 0.078632
threshold=0.19615384615384615 3.9981586158983733 -0.023098568098568095 0.22090134454939295 -0.026176576399790683 0.86190476190476206
decision_type=2 2 2 2 2 2
left_child=4 3 -3 -2 -1 -6
right_child=1 2 -4 -5 5 -7
leaf_value=0 0.0019581300634453269 -0.021046136847516914 -8.6222582273092578e-05 0.017641862075959851 -0.023452172487179117 -0.00095637669346628298
leaf_weight=1.492399684153497 91.416107763536274 8.1281852759420854 25.960737387649715 11.55800027027726 5.9820230337791127 0.90393727645277966
leaf_count=41 858 90 231 41 232 32
internal_value=0 0.00144207 -0.00613956 0.00407824 -0.0193228 -0.0220542
internal_weight=145.441 137.063 34.0889 102.974 8.37836 6.88596
internal_count=1525 1220 321 899 305 264
is_linear=0
shrinkage=0.03


Tree=55
num_leaves=6
num_cat=0
split_feature=34 53 38 48 48
split_gain=4.33444 2.6158 2.09305 1.97132 2.55969
threshold=-0.0037675351599409583 0.39230769230769241 -0.21800338224255714 0.14824605756300807 0.1139507443105051
decision_type=2 2 2 2 2
left_child=1 2 -1 4 -2
right_child=3 -3 -4 -5 -6
leaf_value=0.0075491902914218041 0.0026115666131386862 0.0097319309944669495 -0.012852164035956236 -0.010951814408262161 0.018088775509439006
leaf_weight=3.4541436769068232 87.004290115088224 4.7648655679076901 34.430143600329757 5.9512248225510112 9.2686624526977521
leaf_count=34 491 31 890 42 37
internal_value=0 -0.0078209 -0.0105563 0.00335044 0.0045005
internal_weight=144.873 42.6492 37.8843 102.224 96.273
internal_count=1525 955 924 570 528
is_linear=0
shrinkage=0.03


Tree=56
num_leaves=6
num_cat=0
split_feature=34 53 52 49 35
split_gain=4.21457 2.66463 2.52734 1.43464 0.0320609
threshold=-0.039894760786222498 0.83974358974358998 0.62916666666666676 0.89379699248120315 0.39230769230769236
decision_type=2 2 2 2 2
left_child=3 2 -2 4 -1
right_child=1 -3 -4 -5 -6
leaf_value=-0.019818595151015746 0.0018887545729490854 0.021362909090435776 -0.013768306128297754 0.0053876502850487458 -0.00055545618606331413
leaf_weight=9.8624861533753538 120.07812002394348 3.9130311645567408 8.0071363560855371 1.2610401045531023 0.85417936369776803
leaf_count=365 1054 13 49 21 23
internal_value=0 0.0016352 0.000667211 -0.015676 -0.0190839
internal_weight=143.976 131.998 128.085 11.9777 10.7167
internal_count=1525 1116 1103 409 388
is_linear=0
shrinkage=0.03


Tree=57
num_leaves=7
num_cat=0
split_feature=34 50 8 50 52 52
split_gain=3.96078 2.19469 3.41859 2.75849 1.99995 2.3923
threshold=0.010693594622229395 -0.0071189108276260215 0.12500000000000003 -0.020796122446085193 -0.069047619047619066 -1.0000000180025095e-35
decision_type=2 2 2 2 2 2
left_child=4 3 -3 -2 -1 -6
right_child=1 2 -4 -5 5 -7
leaf_value=-0.012917169742920516 0.0026279133838960815 0.011560530636093597 -0.0048966481844260482 -0.016556355185401699 0.013616001042202583 -0.0050434985177523605
leaf_weight=21.39387446641922 24.811830980703238 42.403644906356931 13.403448875993488 6.9333293810486785 5.6661544525995842 29.0617585927248
leaf_count=587 118 196 81 41 80 422
internal_value=0 0.00395814 0.00747148 -0.00211717 -0.00609858 -0.00126001
internal_weight=143.674 87.5523 55.8071 31.7452 56.1218 34.7279
internal_count=1525 436 277 159 1089 502
is_linear=0
shrinkage=0.03


Tree=58
num_leaves=7
num_cat=0
split_feature=35 46 46 46 42 10
split_gain=3.81702 2.61926 3.70494 3.5839 0.497793 0.0418211
threshold=0.19615384615384615 -0.02018208015630121 0.022155840690860146 -0.037748187897992752 -0.026176576399790683 3.5000000000000004
decision_type=2 2 2 2 2 2
left_child=4 3 -3 -2 -1 -6
right_child=1 2 -4 -5 5 -7
leaf_value=0 0.0021830300965260036 0.0091717834955347671 -0.0023620658730111681 -0.015420142659493095 -0.0013816236140911605 -0.022503748570050615
leaf_weight=1.4482879145070908 23.617797944694757 52.917547728866339 43.700645393691957 15.441674389876423 1.0013718893751491 5.2833379339426756
leaf_count=41 231 436 350 203 36 228
internal_value=0 0.00128354 0.00395205 -0.00504217 -0.0181563 -0.0210085
internal_weight=143.411 135.678 96.6182 39.0595 7.733 6.28471
internal_count=1525 1220 786 434 305 264
is_linear=0
shrinkage=0.03


Tree=59
num_leaves=6
num_cat=0
split_feature=35 53 52 0 26
split_gain=3.69056 2.59047 2.94392 0.540939 0.515669
threshold=0.19615384615384615 0.83974358974358998 0.62916666666666676 3.3842466058243152 5.2390944889447963
decision_type=2 2 2 2 2
left_child=3 2 -2 -1 -5
right_child=1 -3 -4 4 -6
leaf_value=0 0.0016426756628995114 0.020877427897687557 -0.014963412313154394 -0.022350644504649238 0
leaf_weight=0.73218087013810773 123.7263387190178 3.8084261044859877 8.385935250669716 6.1212684060446918 0.71374168246984471
leaf_count=20 1158 13 49 268 17
internal_value=0 0.00124987 0.000336424 -0.0180182 -0.0201659
internal_weight=143.488 135.921 132.112 7.56719 6.83501
internal_count=1525 1220 1207 305 285
is_linear=0
shrinkage=0.03


Tree=60
num_leaves=7
num_cat=0
split_feature=35 42 40 40 20 40
split_gain=3.57431 2.69047 2.59657 3.05453 2.30329 1.26072
threshold=0.59411764705882364 -0.018041853979353966 -0.048259032634032632 0.043774900694543491 0.48333333333333339 -0.068363797660672673
decision_type=2 2 2 2 2 2
left_child=1 4 5 -4 -1 -2
right_child=2 -3 3 -5 -6 -7
leaf_value=-0.0065456123867888797 0.0022270015794255233 -0.013935404685238715 -0.0026145471986335576 0.0092580099294885011 0.017304445101923142 0.020248437231045874
leaf_weight=6.9646329497918469 7.4391254857182494 22.41054121684283 69.307660192251205 24.757962442003191 4.0512604573741555 8.1650723554193956
leaf_count=158 39 662 436 144 56 30
internal_value=0 -0.00830273 0.00263398 0.000575526 0.00307583 0.0132268
internal_weight=143.096 33.4264 109.67 94.0656 11.0159 15.6042
internal_count=1525 876 649 580 214 69
is_linear=0
shrinkage=0.03


Tree=61
num_leaves=7
num_cat=0
split_feature=34 46 50 47 39 26
split_gain=3.51446 2.75451 4.33892 3.83787 1.34642 0.200117
threshold=-0.039894760786222498 -0.02018208015630121 0.029689816133717784 0.34313725490196084 0.10882352941176472 5.2230512493957635
decision_type=2 2 2 2 2 2
left_child=4 2 -2 -3 -1 -6
right_child=1 3 -4 -5 5 -7
leaf_value=0.0057962553326283061 -0.0003741919016549689 0.023197741090399928 -0.026623542604435901 0.0021744498670706906 -0.019456643353110811 0
leaf_weight=1.1187915261834849 32.814487897790968 6.7893194649368516 4.9957194440066806 87.589438937604427 9.018873752560463 0.8336575226858266
leaf_count=9 314 33 58 711 375 25
internal_value=0 0.00144141 -0.00515642 0.00419906 -0.0149115 -0.0183505
internal_weight=143.16 132.189 37.8102 94.3788 10.9713 9.85253
internal_count=1525 1116 372 744 409 400
is_linear=0
shrinkage=0.03


Tree=62
num_leaves=6
num_cat=0
split_feature=53 27 34 30 39
split_gain=3.47891 4.96667 2.51092 3.80975 1.32586
threshold=0.54006410256410275 0.49411438858883816 -0.039894760786222498 0.39652590595986831 0.10882352941176472
decision_type=2 2 2 2 2
left_child=2 -2 4 -4 -1
right_child=1 -3 3 -5 -6
leaf_value=0.0058335831237811405 -0.0084935335386272792 0.020279635250131961 0.013248005305894234 -0.0026502313390855846 -0.018047942339258587
leaf_weight=1.1272370759397734 6.4638101644814041 13.839385090395806 13.67082956060767 97.85074173565954 9.6662601162679476
leaf_count=9 34 58 117 907 400
internal_value=0 0.0109101 -0.00195736 -0.000449433 -0.0145628
internal_weight=142.618 20.3032 122.315 111.522 10.7935
internal_count=1525 92 1433 1024 409
is_linear=0
shrinkage=0.03


Tree=63
num_leaves=5
num_cat=0
split_feature=53 46 28 47
split_gain=3.73731 2.77672 4.3406 3.75366
threshold=0.83974358974358998 -0.019348131373720944 0.065395580898075567 0.34313725490196084
decision_type=2 2 2 2
left_child=1 2 -1 -3
right_child=-2 3 -4 -5
leaf_value=0.0022066411081986723 0.023032413670329755 0.021723001864119695 -0.016180782171307272 0
leaf_weight=21.04425168549642 4.0767512246966353 5.8264397783204904 21.368873110041022 89.772342745214701
leaf_count=273 13 33 327 879
internal_value=0 -0.000999646 -0.00723381 0.00179627
internal_weight=142.089 138.012 42.4131 95.5988
internal_count=1525 1512 600 912
is_linear=0
shrinkage=0.03


Tree=64
num_leaves=6
num_cat=0
split_feature=53 27 40 40 35
split_gain=3.90111 4.48095 2.65557 3.13318 2.99606
threshold=0.54006410256410275 0.49411438858883816 0.043774900694543491 0.038575561343418503 0.61651583710407254
decision_type=2 2 2 2 2
left_child=2 -2 3 -1 -4
right_child=1 -3 4 -5 -6
leaf_value=-0.0029746102413731349 -0.0073417213008020515 0.020317959931350226 -0.012401861864411216 -0.025619850289201402 0.01007098190370144
leaf_weight=89.617713910527527 6.2315478920936611 13.912377012893556 4.7139328820630935 4.0560419438406816 23.824079267680645
leaf_count=1128 34 58 120 53 132
internal_value=0 0.0116002 -0.00206803 -0.00453292 0.00559331
internal_weight=142.356 20.1439 122.212 93.6738 28.538
internal_count=1525 92 1433 1181 252
is_linear=0
shrinkage=0.03


Tree=65
num_leaves=6
num_cat=0
split_feature=53 27 53 1 34
split_gain=3.77239 4.1403 2.69601 5.33832 4.70208
threshold=0.54006410256410275 0.49411438858883816 0.42582417582417587 0.22541939719473858 0.031620765120788194
decision_type=2 2 2 2 2
left_child=2 -2 4 -4 -1
right_child=1 -3 3 -5 -6
leaf_value=-0.0047924886426563267 -0.0069171289233329681 0.019576941557839681 -0.02208218011784047 0.0093443509791092602 0.0082459516622986565
leaf_weight=67.097104668151587 6.2459317073226002 14.195704162120817 12.529889829456808 5.6203430891036978 36.899986404925585
leaf_count=1163 34 58 77 20 173
internal_value=0 0.0113193 -0.00204615 -0.0120914 -4.13189e-05
internal_weight=142.589 20.4416 122.147 18.1502 103.997
internal_count=1525 92 1433 97 1336
is_linear=0
shrinkage=0.03


Tree=66
num_leaves=5
num_cat=0
split_feature=53 1 36 0
split_gain=3.32876 2.89248 3.86874 0.777554
threshold=0.83974358974358998 0.21196059518150792 0.082024930935292686 1.1785366391390579
decision_type=2 2 2 2
left_child=1 2 -1 -3
right_child=-2 3 -4 -5
leaf_value=-0.0067525238883991172 0.021711108147323251 0.0019239653230068105 0.0040917067940649246 0.015961405305424992
leaf_weight=75.528160026296973 4.0893359575420609 8.2064298316836375 45.509254951961339 7.9786808453500262
leaf_count=1019 13 32 431 30
internal_value=0 -0.000949604 -0.00262617 0.0101682
internal_weight=141.312 137.223 121.037 16.1851
internal_count=1525 1512 1450 62
is_linear=0
shrinkage=0.03


Tree=67
num_leaves=6
num_cat=0
split_feature=35 53 29 1 26
split_gain=3.11577 2.54026 2.20676 0.50847 0.493833
threshold=0.19615384615384615 0.83974358974358998 4.0342014792848504 0.028239791305266927 5.2390944889447963
decision_type=2 2 2 2 2
left_child=3 2 -2 4 -1
right_child=1 -3 -4 -5 -6
leaf_value=-0.021463083936536887 0.0023919499212574874 0.020318137643638309 -0.006684275263303033 0.00013723865369029444 0
leaf_weight=5.6644093808718017 99.998378115706146 3.9493713602423659 29.517213345505297 0.69127320125699032 0.68801837973296631
leaf_count=269 908 13 299 19 17
internal_value=0 0.00113819 0.00020762 -0.0170489 -0.0192225
internal_weight=140.509 133.465 129.516 7.0437 6.35243
internal_count=1525 1220 1207 305 286
is_linear=0
shrinkage=0.03


Tree=68
num_leaves=7
num_cat=0
split_feature=0 47 50 46 48 36
split_gain=3.09119 2.73262 3.84519 3.76007 2.48303 2.43018
threshold=2.740319461670996 0.63809523809523816 0.0072781226774236438 -0.019818091430771536 -0.12623441987454292 -0.26598764057058227
decision_type=2 2 2 2 2 2
left_child=1 3 -3 -1 -2 -6
right_child=4 2 -4 -5 5 -7
leaf_value=-0.0007270722954826692 0.010570141701624253 -0.012883770333705441 0.0037215512671247555 0.01437299785235216 0.0044196038632439427 -0.014599249299384708
leaf_weight=27.422663222998381 3.9920874442905179 17.855050777085125 31.654535034671426 28.19615476205945 6.2449952233582762 24.565261168871075
leaf_count=168 69 140 193 139 109 707
internal_value=0 0.00257687 -0.00241821 0.00705702 -0.00750105 -0.010527
internal_weight=139.931 105.128 49.5096 55.6188 34.8023 30.8103
internal_count=1525 640 333 307 885 816
is_linear=0
shrinkage=0.03


Tree=69
num_leaves=6
num_cat=0
split_feature=34 28 46 49 26
split_gain=3.00857 2.3058 5.10091 1.38705 0.459208
threshold=-0.039894760786222498 0.21383540313698685 0.057993795326296588 0.94427244582043357 5.2230512493957635
decision_type=2 2 2 2 2
left_child=3 2 -2 4 -1
right_child=1 -3 -4 -5 -6
leaf_value=-0.01955615842948551 0.0026634790453694576 0.014043506099179204 -0.014273183832020104 0.0079085892434409034 0
leaf_weight=8.364852047525341 103.10598017368466 9.6983498856425268 16.875330045819283 0.77030992507934648 1.2104221144691116
leaf_count=371 922 58 136 8 30
internal_value=0 0.00132763 3.71903e-05 -0.0141607 -0.0175142
internal_weight=140.025 129.68 119.981 10.3456 9.57527
internal_count=1525 1116 1058 409 401
is_linear=0
shrinkage=0.03


Tree=70
num_leaves=7
num_cat=0
split_feature=34 50 50 31 49 26
split_gain=2.79258 2.1705 5.33344 3.95311 1.42568 0.450043
threshold=-0.039894760786222498 -0.035381159587458078 -0.044048376988621137 0.11439476553980372 0.95993589743589758 5.2230512493957635
decision_type=2 2 2 2 2 2
left_child=4 2 -2 -3 5 -1
right_child=1 3 -4 -5 -6 -7
leaf_value=-0.01929092936618744 0.0036099923114862745 0.0083583501868799495 -0.025249941645709064 -0.0028982915310532295 0.008529014391578927 0
leaf_weight=8.1849644137546367 14.164064378477635 57.210858579725027 6.9908273452892891 50.888926522806287 0.7340239994227894 1.1946105491369969
leaf_count=372 128 462 89 437 7 30
internal_value=0 0.00127197 -0.00702511 0.0030483 -0.0137822 -0.0172476
internal_weight=139.368 129.255 21.1549 108.1 10.1136 9.37957
internal_count=1525 1116 217 899 409 402
is_linear=0
shrinkage=0.03


Tree=71
num_leaves=7
num_cat=0
split_feature=50 50 53 20 19 10
split_gain=3.00296 4.70958 3.70015 3.09627 1.82991 1.43132
threshold=-0.035381159587458078 -0.043631308133841994 0.54006410256410275 0.71825396825396837 1.0000000180025095e-35 5.5000000000000009
decision_type=2 2 2 2 2 2
left_child=1 4 3 -2 -1 -4
right_child=2 -3 5 -5 -6 -7
leaf_value=-0.0098009641438859662 -0.0028469452901599183 -0.026182674452377985 0.020235628892803136 0.01047815421126987 0.0082675335367217648 0.0016794658933355518
leaf_weight=6.9689468313008591 80.620226978324354 7.4131436590105286 10.391571739688517 17.34596298309043 9.4909810833632946 7.0014216452836981
leaf_count=110 916 126 41 187 110 35
internal_value=0 -0.00925145 0.00203958 -0.000265142 5.94664e-05 0.0140189
internal_weight=139.232 23.8731 115.359 97.9662 16.4599 17.393
internal_count=1525 346 1179 1103 220 76
is_linear=0
shrinkage=0.03


Tree=72
num_leaves=6
num_cat=0
split_feature=28 46 30 34 43
split_gain=2.79274 3.57539 7.09972 3.08311 0.917371
threshold=0.21039136302294201 0.057993795326296588 0.58309523809523822 0.095602222294195557 0.53708791208791218
decision_type=2 2 2 2 2
left_child=1 3 -3 -1 -2
right_child=4 2 -4 -5 -6
leaf_value=-0.0016815991724850377 0.0018050596403505908 -0.028834893902065152 0.0077792091363564769 0.010910608352592605 0.020173153903759174
leaf_weight=92.538503430318087 5.4227918572723848 9.141982442699371 6.7754779160022727 19.411103136837482 5.5833827815949917
leaf_count=1239 37 102 37 75 35
internal_value=0 -0.00132735 -0.0137861 0.000602304 0.0132537
internal_weight=138.873 127.867 15.9175 111.95 11.0062
internal_count=1525 1453 139 1314 72
is_linear=0
shrinkage=0.03


Tree=73
num_leaves=6
num_cat=0
split_feature=53 28 43 43 26
split_gain=2.69893 2.32752 3.55995 0.837318 0.483777
threshold=-0.37867647058823523 0.21039136302294201 0.62019230769230782 0.53708791208791218 5.1789666414329583
decision_type=2 2 2 2 2
left_child=4 2 -2 -3 -1
right_child=1 3 -4 -5 -6
leaf_value=-0.019238274956412772 0.0028350333088692932 0.002086601789473719 -0.0085331402969058487 0.019934524852988671 0
leaf_weight=5.3566047935746601 89.141110578551888 5.4779584221541864 32.015993458218873 5.4286351148039103 0.94679031427949656
leaf_count=219 879 37 331 33 26
internal_value=0 0.00102798 -0.000210099 0.0131475 -0.0165974
internal_weight=138.367 132.064 121.157 10.9066 6.3034
internal_count=1525 1280 1210 70 245
is_linear=0
shrinkage=0.03


Tree=74
num_leaves=7
num_cat=0
split_feature=34 36 36 36 49 26
split_gain=2.63241 2.14438 9.5657 5.1686 1.44487 0.322965
threshold=-0.039894760786222498 0.082024930935292686 0.0086096693301554467 0.1790470235782736 0.9833333333333335 5.2230512493957635
decision_type=2 2 2 2 2 2
left_child=4 2 -2 -3 5 -1
right_child=1 3 -4 -5 -6 -7
leaf_value=-0.018890982875710834 0.0019605295250115216 0.019310685239010226 -0.029362773920797527 -0.00051915049209675854 0.0088734097333861544 0
leaf_weight=7.9467452866956556 70.046240937896073 15.442159621976314 7.9712064415216437 34.741044973023236 0.7101518567651518 1.1606312580406664
leaf_count=373 623 113 101 279 6 30
internal_value=0 0.0012305 -0.00181877 0.00597407 -0.0135572 -0.0171292
internal_weight=138.018 128.201 78.0174 50.1832 9.81753 9.10738
internal_count=1525 1116 724 392 409 403
is_linear=0
shrinkage=0.03


Tree=75
num_leaves=6
num_cat=0
split_feature=1 36 36 24 32
split_gain=2.52339 3.0007 6.63215 3.97303 0.539
threshold=0.21196059518150792 0.081208771387342907 0.0086096693301554467 0.54195804195804198 0.46205265322912387
decision_type=2 2 2 2 2
left_child=1 2 -1 -3 -2
right_child=4 3 -4 -5 -6
leaf_value=-0.0017908494127991683 0.015766958650622144 0.018188613594585627 -0.028947941931894247 -0.00087270739465551553 0.0031529212701863901
leaf_weight=68.67417983757332 7.5019409246742752 11.477772331796585 7.3341350527480236 33.940064730122685 8.5227198824286443
leaf_count=890 27 103 134 333 38
internal_value=0 -0.00153123 -0.00516318 0.00438183 0.0104853
internal_weight=137.451 121.426 76.0083 45.4178 16.0247
internal_count=1525 1460 1024 436 65
is_linear=0
shrinkage=0.03


Tree=76
num_leaves=7
num_cat=0
split_feature=35 8 51 51 53 48
split_gain=2.70198 2.34546 6.09771 3.33781 2.13374 1.93766
threshold=0.70820433436532515 0.22500000000000003 0.32738095238095244 0.27747252747252754 0.28759398496240612 -0.13569326791767725
decision_type=2 2 2 2 2 2
left_child=4 3 -3 -2 5 -1
right_child=1 2 -4 -5 -6 -7
leaf_value=0.0095561245173000301 -0.0061946279799522498 0.015679585128252509 -0.017764975228039364 0.0090660605847339443 0.0051917593339568281 -0.010740272888872722
leaf_weight=2.8973584854975334 14.661647215485571 5.649429868906739 11.674372583627699 54.778429020196199 11.093900598585604 36.112541950307786
leaf_count=55 84 23 82 275 84 922
internal_value=0 0.00318327 -0.00605393 0.0056767 -0.005423 -0.00869398
internal_weight=136.868 86.7639 17.3238 69.4401 50.1038 39.0099
internal_count=1525 464 105 359 1061 977
is_linear=0
shrinkage=0.03


Tree=77
num_leaves=7
num_cat=0
split_feature=53 36 36 36 26 45
split_gain=2.47646 2.11402 7.36096 3.79325 0.457323 0.114865
threshold=-0.37867647058823523 0.082024930935292686 0.0086096693301554467 0.1790470235782736 5.1789666414329583 0.080128205128205135
decision_type=2 2 2 2 2 2
left_child=4 2 -2 -3 5 -1
right_child=1 3 -4 -5 -6 -7
leaf_value=0 0.001157511371736628 0.017262396237725443 -0.026989431308833436 0 0 -0.020153590931180257
leaf_weight=0.81834491528570552 74.851436755619943 15.28767868876457 7.358395403251051 32.708032199181616 0.93865957669913758 4.4351135711185634
leaf_count=31 827 111 119 223 26 188
internal_value=0 0.000991814 -0.00187177 0.0058954 -0.016006 -0.0186035
internal_weight=136.398 130.206 82.2098 47.9957 6.19212 5.25346
internal_count=1525 1280 946 334 245 219
is_linear=0
shrinkage=0.03


Tree=78
num_leaves=5
num_cat=0
split_feature=28 28 0 43
split_gain=2.32787 3.68327 2.80536 1.35259
threshold=0.21039136302294201 0.19538706256627789 2.740319461670996 0.53708791208791218
decision_type=2 2 2 2
left_child=1 2 -1 -2
right_child=3 -3 -4 -5
leaf_value=0.0027562829230152212 0 -0.022410674509081522 -0.0073365023922469215 0.020280980693452143
leaf_weight=88.803240742534399 5.2375596053898317 4.9806100139394394 32.09212300600484 5.5888373702764511
leaf_count=553 37 40 860 35
internal_value=0 -0.0012221 0 0.0121841
internal_weight=136.702 125.876 120.895 10.8264
internal_count=1525 1453 1413 72
is_linear=0
shrinkage=0.03


Tree=79
num_leaves=7
num_cat=0
split_feature=35 8 26 40 1 26
split_gain=2.22619 2.12522 2.14315 2.11846 0.492786 0.485358
threshold=0.19615384615384615 0.57500000000000007 4.516324041782946 0.023613573926073887 0.028239791305266927 5.2958110956362647
decision_type=2 2 2 2 2 2
left_child=4 2 -2 -3 5 -1
right_child=1 3 -4 -5 -6 -7
leaf_value=-0.019952759915468757 -0.0017867247495846777 0 0.0060934927364327957 -0.023930311833418962 0.00070711058177122044 0
leaf_weight=4.9453321583569041 58.295038478448987 7.6450567729771119 60.922560716979206 3.8269019816070795 0.69535294175147999 0.62778325472027052
leaf_count=271 630 66 488 36 19 15
internal_value=0 0.000941134 0.00222482 -0.0103035 -0.015103 -0.0175337
internal_weight=136.958 130.69 119.218 11.472 6.26847 5.57312
internal_count=1525 1220 1118 102 305 286
is_linear=0
shrinkage=0.03


Tree=80
num_leaves=7
num_cat=0
split_feature=53 8 31 1 26 47
split_gain=2.18845 2.21911 3.85351 2.54209 0.396603 0.129636
threshold=-0.37867647058823523 -0.37499999999999994 0.082079496968335955 0.21196059518150792 5.1789666414329583 0.069047619047619038
decision_type=2 2 2 2 2 2
left_child=4 2 -2 -3 5 -1
right_child=1 3 -4 -5 -6 -7
leaf_value=0 -0.011279973982111863 -0.0020546970614718284 0.022532805739229909 0.010268246168250044 0 -0.019544328166133631
leaf_weight=0.87321870913728972 2.6828380422666651 105.19405328854918 7.7888479316607118 15.499233826994894 0.91749946773052204 4.1074830815196037
leaf_count=34 49 1108 59 64 26 185
internal_value=0 0.000910022 0.0129692 -0.000281718 -0.0153431 -0.0178181
internal_weight=137.063 131.165 10.4717 120.693 5.8982 4.9807
internal_count=1525 1280 108 1172 245 219
is_linear=0
shrinkage=0.03


Tree=81
num_leaves=7
num_cat=0
split_feature=35 8 51 51 53 39
split_gain=2.16563 2.25818 4.64847 3.04819 2.05744 1.83354
threshold=0.70820433436532515 0.22500000000000003 0.32738095238095244 0.25657894736842113 0.28759398496240612 0.10882352941176472
decision_type=2 2 2 2 2 2
left_child=4 3 -3 -2 5 -1
right_child=1 2 -4 -5 -6 -7
leaf_value=0.0084858508782297733 -0.0068011740293649732 0.013004162953716321 -0.016035256614280919 0.0083832165611126847 0.0053289375264140761 -0.010378690641000294
leaf_weight=3.4296085089445105 12.922628166154025 5.6593339107930687 12.075929505750535 55.941487008705735 11.414290498942135 34.776845340617001
leaf_count=25 75 23 82 284 84 952
internal_value=0 0.00284581 -0.00608595 0.0053376 -0.00488441 -0.0081982
internal_weight=136.22 86.5994 17.7353 68.8641 49.6207 38.2065
internal_count=1525 464 105 359 1061 977
is_linear=0
shrinkage=0.03


Tree=82
num_leaves=6
num_cat=0
split_feature=53 53 40 26 45
split_gain=2.25093 1.78894 2.01069 0.33895 0.129843
threshold=-0.37867647058823523 0.83974358974358998 0.043774900694543491 5.1789666414329583 0.080128205128205135
decision_type=2 2 2 2 2
left_child=3 2 -2 4 -1
right_child=1 -3 -4 -5 -6
leaf_value=0 -0.0016768898414710807 0.017612718859872183 0.0076146033681980113 0 -0.01950166307115566
leaf_weight=0.779107466340064 102.32216271199286 3.5462538525462142 24.19672236777842 0.8926213951781391 4.1386724575422704
leaf_count=31 1106 13 161 26 188
internal_value=0 0.000925494 0.000144266 -0.0156491 -0.017905
internal_weight=135.876 130.065 126.519 5.8104 4.91778
internal_count=1525 1280 1267 245 219
is_linear=0
shrinkage=0.03


Tree=83
num_leaves=7
num_cat=0
split_feature=52 52 30 20 28 34
split_gain=2.0905 3.06702 3.12781 2.58424 2.07473 1.77301
threshold=-0.069047619047619066 -1.0000000180025095e-35 0.4358786993058093 0.64642857142857157 0.21039136302294201 0.013842922236188744
decision_type=2 2 2 2 2 2
left_child=3 2 -2 -1 -3 -5
right_child=1 4 -4 5 -6 -7
leaf_value=-0.012206428722313471 0.0280408991047295 -0.0013545635876560924 -0.0027069824476815912 -0.0048384070211487966 0.011965818364790281 0.020003904861866713
leaf_weight=20.599380175583068 5.5332938749343139 89.132826592773199 3.8506806753575802 3.7334845145232967 9.8846330158412439 2.7706619873642921
leaf_count=501 36 730 62 126 61 9
internal_value=0 0.00188554 0.0166377 -0.00715263 0.000126356 0.00725422
internal_weight=135.505 108.401 9.38397 27.1035 99.0175 6.50415
internal_count=1525 889 98 636 791 135
is_linear=0
shrinkage=0.03


Tree=84
num_leaves=7
num_cat=0
split_feature=0 48 36 47 31 49
split_gain=2.04762 2.44452 2.32615 2.04886 3.34664 2.18357
threshold=2.740319461670996 -0.12623441987454292 -0.26598764057058227 0.63809523809523816 0.15863337204800623 0.93095238095238109
decision_type=2 2 2 2 2 2
left_child=3 -2 -3 5 -5 -1
right_child=1 2 -4 4 -6 -7
leaf_value=0.0083617330682980006 0.011182620200123889 0.0047878416329928302 -0.013869671459760497 -0.0077665922799265152 0.0081971303309971225 -0.0079113556220906638
leaf_weight=47.580398122780025 4.1422575432807198 6.2882393980398801 22.517954951617867 32.301220066845417 15.877863846719263 6.7260650340467683
leaf_count=264 69 109 707 242 91 43
internal_value=0 -0.00628602 -0.00955565 0.00210256 -0.002269 0.00603027
internal_weight=135.434 32.9485 28.8062 102.486 48.1791 54.3065
internal_count=1525 885 816 640 333 307
is_linear=0
shrinkage=0.03


Tree=85
num_leaves=7
num_cat=0
split_feature=34 31 48 48 52 49
split_gain=1.91241 2.35675 2.95831 1.84474 2.36243 0.173288
threshold=-0.0030717810239914533 0.06472559698366151 -0.12623441987454292 0.14824605756300807 0.42307692307692313 0.53137254901960795
decision_type=2 2 2 2 2 2
left_child=1 5 -3 4 -2 -1
right_child=3 2 -4 -5 -6 -7
leaf_value=-0.022010712377953909 0.0066158594646566708 0.020022277131603001 -0.0049481367339414871 -0.011671776398947833 -0.0035586357032187919 -0.0021861620602079937
leaf_weight=5.0527726458385578 63.050501195713878 2.9349635913968113 28.571855504065752 5.8025887459516516 27.653730606660247 1.6900439220480619
leaf_count=182 373 27 698 41 150 54
internal_value=0 -0.00550982 -0.00138672 0.0022513 0.00343931 -0.0193649
internal_weight=134.756 38.2496 31.5068 96.5068 90.7042 6.74282
internal_count=1525 961 725 564 523 236
is_linear=0
shrinkage=0.03


Tree=86
num_leaves=5
num_cat=0
split_feature=53 1 36 29
split_gain=1.92525 1.91931 2.57397 1.34297
threshold=0.83974358974358998 0.21196059518150792 0.082024930935292686 3.7012257604091228
decision_type=2 2 2 2
left_child=1 2 -1 -3
right_child=-2 3 -4 -5
leaf_value=-0.0055786773671011453 0.017361134950174235 0.015573452107554793 0.0034172147252960272 -0.00084249991796536488
leaf_weight=71.81435480248183 3.5192624293267718 8.2205176278948766 44.221077688969672 6.4869538415223351
leaf_count=1019 13 33 431 29
internal_value=0 -0.000721851 -0.0020997 0.00873971
internal_weight=134.262 130.743 116.035 14.7075
internal_count=1525 1512 1450 62
is_linear=0
shrinkage=0.03


Tree=87
num_leaves=7
num_cat=0
split_feature=52 52 30 26 20 40
split_gain=2.14326 2.64232 2.92011 2.88847 2.39415 1.83357
threshold=-0.069047619047619066 -1.0000000180025095e-35 0.4358786993058093 5.2600927804663344 0.64642857142857157 0.11807619463869469
decision_type=2 2 2 2 2 2
left_child=4 2 -2 -3 5 -1
right_child=1 3 -4 -5 -6 -7
leaf_value=-0.014777207689596138 0.027019753977022824 0.0025510548852019674 -0.0027278705789521764 -0.011105879189452019 0.0067833734087784552 0.010343002302786685
leaf_weight=19.070488233584918 5.3365015964955074 83.341898686252534 3.8677733009681106 14.632919369265435 6.3044929536990812 1.2696405835449684
leaf_count=492 36 653 62 138 135 9
internal_value=0 0.00191623 0.0157283 0.000269955 -0.00730373 -0.012155
internal_weight=133.824 107.179 9.20427 97.9748 26.6446 20.3401
internal_count=1525 889 98 791 636 501
is_linear=0
shrinkage=0.03


Tree=88
num_leaves=5
num_cat=0
split_feature=28 28 34 43
split_gain=1.98961 3.23804 2.27296 1.0946
threshold=0.21039136302294201 0.19538706256627789 -0.016861096210260315 0.53708791208791218
decision_type=2 2 2 2
left_child=1 2 -1 -2
right_child=3 -3 -4 -5
leaf_value=-0.0074978673136665858 0 -0.02142221299145023 0.0022406951275450275 0.018938396431067407
leaf_weight=25.967081821057945 5.0836319811642152 4.70188561733812 92.291055607609451 5.2894784510135651
leaf_count=784 37 40 629 35
internal_value=0 -0.00113624 0 0.0114753
internal_weight=133.333 122.96 118.258 10.3731
internal_count=1525 1453 1413 72
is_linear=0
shrinkage=0.03


Tree=89
num_leaves=6
num_cat=0
split_feature=28 46 30 28 43
split_gain=2.09185 3.15228 5.22948 2.93091 1.05976
threshold=0.21039136302294201 0.057993795326296588 0.58309523809523822 0.15811403508771932 0.53708791208791218
decision_type=2 2 2 2 2
left_child=1 3 -3 -1 -2
right_child=4 2 -4 -5 -6
leaf_value=-0.00056265011987178192 0 -0.026803964677039764 0.0054666845913679003 0.01933394816138561 0.019107292629751881
leaf_weight=103.05264276778325 5.0530909933149797 8.3131970046088082 6.5752243101596823 5.0938225397840133 5.3053659703582525
leaf_count=1277 37 102 37 37 35
internal_value=0 -0.00116378 -0.0132373 0.000654072 0.0117744
internal_weight=133.393 123.035 14.8884 108.146 10.3585
internal_count=1525 1453 139 1314 72
is_linear=0
shrinkage=0.03


Tree=90
num_leaves=5
num_cat=0
split_feature=28 28 34 43
split_gain=2.36572 3.98652 2.27895 1.50738
threshold=0.21039136302294201 0.20383522727272732 0.075115340738488454 0.53708791208791218
decision_type=2 2 2 2
left_child=1 2 -1 -2
right_child=3 -3 -4 -5
leaf_value=-0.0024795282776106545 0 -0.026489349814886102 0.0068699462106113296 0.020816140552923471
leaf_weight=90.724090972915292 5.1813559718430025 3.3926793523132792 29.391177840530872 5.5907026957720518
leaf_count=1305 37 23 125 35
internal_value=0 -0.00125175 -6.76107e-05 0.0123007
internal_weight=134.28 123.508 120.115 10.7721
internal_count=1525 1453 1430 72
is_linear=0
shrinkage=0.03


Tree=91
num_leaves=7
num_cat=0
split_feature=52 52 26 30 26 19
split_gain=1.70636 2.50016 2.79121 2.58101 2.07826 2.55927
threshold=-0.069047619047619066 -1.0000000180025095e-35 5.2600927804663344 0.4358786993058093 4.4367340276668159 1.0000000180025095e-35
decision_type=2 2 2 2 2 2
left_child=4 3 -3 -2 -1 -6
right_child=1 2 -4 -5 5 -7
leaf_value=-0.014716746914365326 0.025499381270300301 0.0023359610616934001 -0.011211991455603466 -0.0023635966770301086 -0.011683718079881649 0.010882893258557963
leaf_weight=12.17579973395914 5.473019475117324 82.955029707401991 14.303227161988614 3.8678851574659348 5.8779232488013777 8.504287201911211
leaf_count=409 36 653 138 62 110 117
internal_value=0 0.00171593 9.73219e-05 0.0150507 -0.00652525 0.00099337
internal_weight=133.157 106.599 97.2583 9.3409 26.558 14.3822
internal_count=1525 889 791 98 636 227
is_linear=0
shrinkage=0.03


Tree=92
num_leaves=7
num_cat=0
split_feature=53 30 49 31 23 47
split_gain=1.69966 1.57556 2.69557 2.4147 0.797957 0.26017
threshold=-0.32247899159663862 0.41396725879484503 0.78869047619047628 0.079772727272727287 1.2424533248940004 0.069047619047619038
decision_type=2 2 2 2 2 2
left_child=4 3 -3 -2 5 -1
right_child=1 2 -4 -5 -6 -7
leaf_value=0 -0.0020723831559431201 -0.0044738335586433633 0.0053200730449844752 0.016107846226038506 0.0011258477179043962 -0.019020690108625355
leaf_weight=0.79291936568915744 10.777713280171158 63.611404833383858 38.955619343556464 11.851386800408362 1.9216937203891573 4.5593471354804933
leaf_count=33 156 700 289 77 52 218
internal_value=0 0.000904022 -0.000666057 0.00774026 -0.012399 -0.0170564
internal_weight=132.47 125.196 102.567 22.6291 7.27396 5.35227
internal_count=1525 1222 989 233 303 251
is_linear=0
shrinkage=0.03


Tree=93
num_leaves=6
num_cat=0
split_feature=53 48 48 23 47
split_gain=1.7191 1.60492 3.42988 0.708595 0.254455
threshold=-0.32247899159663862 0.14824605756300807 0.1139507443105051 1.2424533248940004 0.069047619047619038
decision_type=2 2 2 2 2
left_child=3 2 -2 4 -1
right_child=1 -3 -4 -5 -6
leaf_value=0 5.5241683328294639e-05 -0.011721598592402141 0.016848357868509523 0.0005108131583844047 -0.018922935151867028
leaf_weight=0.78053122572600742 108.38884693384171 6.3769933320581904 10.271653298288582 1.8769451440311966 4.4495221879333258
leaf_count=33 1110 54 58 52 218
internal_value=0 0.000902596 0.00181381 -0.0125907 -0.0169631
internal_weight=132.144 125.037 118.661 7.107 5.23005
internal_count=1525 1222 1168 303 251
is_linear=0
shrinkage=0.03


Tree=94
num_leaves=6
num_cat=0
split_feature=53 53 28 40 27
split_gain=1.65446 1.43277 1.54821 0.320693 0.00736561
threshold=-0.37867647058823523 0.83974358974358998 0.21039136302294201 0.082244838494838504 0.40065789473684216
decision_type=2 2 2 2 2
left_child=3 2 -2 4 -1
right_child=1 -3 -4 -5 -6
leaf_value=-0.00021970772545784733 -0.00094921195406943201 0.016107008360023007 0.010259873245246479 0 -0.017685057197805429
leaf_weight=0.79753469582646985 112.93641364015639 3.277206312865018 10.261865280568598 1.0995108233764765 3.4470303780399263
leaf_count=36 1199 13 68 27 182
internal_value=0 0.000791639 8.55137e-05 -0.0138487 -0.0164856
internal_weight=131.82 126.475 123.198 5.34408 4.24457
internal_count=1525 1280 1267 245 218
is_linear=0
shrinkage=0.03


Tree=95
num_leaves=7
num_cat=0
split_feature=53 31 31 51 26 47
split_gain=1.55576 1.42042 6.23906 2.19077 0.32221 0.127185
threshold=-0.37867647058823523 0.11439476553980372 0.15047169811320757 0.13809523809523813 5.1789666414329583 0.069047619047619038
decision_type=2 2 2 2 2 2
left_child=4 3 -3 -2 5 -1
right_child=1 2 -4 -5 -6 -7
leaf_value=0 -0.0062157566963931682 -0.015695139234250498 0.0053563582261843797 0.005788540644229072 0 -0.017580064512614908
leaf_weight=0.8241488803178062 15.152328598313032 19.147014442831278 29.359199759550393 62.715104629285634 0.83426643908023823 3.5967925498262048
leaf_count=34 196 222 248 614 26 185
internal_value=0 0.000763841 -0.00312703 0.00328033 -0.0135154 -0.0158607
internal_weight=131.629 126.374 48.5062 77.8674 5.25521 4.42094
internal_count=1525 1280 470 810 245 219
is_linear=0
shrinkage=0.03


Tree=96
num_leaves=6
num_cat=0
split_feature=1 31 31 28 29
split_gain=1.56951 2.24575 5.408 2.70168 1.45834
threshold=0.21196059518150792 0.16903096903096906 0.15863337204800623 0.1448461279946229 3.4811217321331038
decision_type=2 2 2 2 2
left_child=1 2 -1 -3 -2
right_child=4 3 -4 -5 -6
leaf_value=-0.0020404019942836223 0.016465536810005534 -0.026944742406504404 0.020162896757356975 0.00082350885980717276 -0.00062748199299447272
leaf_weight=98.165336680598557 7.4019653312861902 4.3624564744532091 8.9488568003289384 5.2364175338298082 7.1094077602028847
leaf_count=1261 30 89 56 54 35
internal_value=0 -0.00120536 9.51583e-05 -0.0137492 0.00866629
internal_weight=131.224 116.713 107.114 9.59887 14.5114
internal_count=1525 1460 1317 143 65
is_linear=0
shrinkage=0.03


Tree=97
num_leaves=7
num_cat=0
split_feature=35 31 31 33 42 20
split_gain=1.51975 1.56614 5.19227 2.4082 0.556113 0.0954016
threshold=0.19615384615384615 0.11439476553980372 0.15047169811320757 0.57134693566261496 -0.026176576399790683 0.91428571428571448
decision_type=2 2 2 2 2 2
left_child=4 3 -3 -2 -1 -6
right_child=1 2 -4 -5 5 -7
leaf_value=0.00055131738187507134 -0.00031698411002031152 -0.014826555133154109 0.0044445956590584094 0.01053693347732379 -0.017743392737901514 0
leaf_weight=1.2472603535279629 50.651322696357965 18.952179962769151 29.202530766837299 25.927651392295957 3.9551628581248215 0.49324718490242947
leaf_count=41 520 217 246 237 238 26
internal_value=0 0.000786027 -0.00330908 0.00345617 -0.0129444 -0.0166563
internal_weight=130.429 124.734 48.1547 76.579 5.69567 4.44841
internal_count=1525 1220 463 757 305 264
is_linear=0
shrinkage=0.03


Tree=98
num_leaves=7
num_cat=0
split_feature=53 40 32 26 40 27
split_gain=1.49785 1.41364 4.16328 2.30139 0.281152 0.0248331
threshold=-0.37867647058823523 0.043774900694543491 0.86642628205128214 5.1089666311285624 0.082244838494838504 0.40065789473684216
decision_type=2 2 2 2 2 2
left_child=4 2 -2 -3 5 -1
right_child=1 3 -4 -5 -6 -7
leaf_value=0 0.001154913860484066 0.013090969311987014 -0.018869232453656695 -0.0053483944907774719 0 -0.017107064728371764
leaf_weight=0.7924822373315682 93.422290307004005 16.029208955354992 8.3343265261501056 7.2911881729960433 1.0562413968145845 3.301989562343806
leaf_count=36 1054 102 65 59 27 182
internal_value=0 0.000751754 -0.000759434 0.0071218 -0.0133596 -0.0158408
internal_weight=130.228 125.077 101.757 23.3204 5.15071 4.09447
internal_count=1525 1280 1119 161 245 218
is_linear=0
shrinkage=0.03


Tree=99
num_leaves=7
num_cat=0
split_feature=35 8 51 44 53 49
split_gain=1.66472 1.73162 4.54583 1.97365 1.71292 1.506
threshold=0.70820433436532515 0.22500000000000003 0.32738095238095244 0.053534674635683462 0.28759398496240612 0.28991596638655465
decision_type=2 2 2 2 2 2
left_child=4 3 -3 -2 -1 -6
right_child=1 2 -4 -5 5 -7
leaf_value=-0.0075514056737489106 0.00020523843196971421 0.013501584238849366 -0.01584994244065447 0.010693034074577997 0.014574998904572459 -0.0042718018885357428
leaf_weight=36.026308854110539 39.349378734827042 5.4108167700469521 11.162684025242923 27.002226335927844 5.2119997292757017 5.9594215825200081
leaf_count=977 219 23 82 140 25 59
internal_value=0 0.00254387 -0.00552238 0.0047491 -0.00439122 0.00494357
internal_weight=130.123 82.9251 16.5735 66.3516 47.1977 11.1714
internal_count=1525 464 105 359 1061 84
is_linear=0
shrinkage=0.03


end of trees

feature_importances:
market_prob_rel=57
market_horse_gap=50
market_prob_rankpct=45
market_prob=41
jockey_win=38
trainer_starts=26
jockey_starts=21
consistency_rankpct=21
trainer_top5=19
trainer_win=19
trainer_top5_rankpct=18
horse_name_top5_rel=16
form_rel=15
horse_name_win_rel=15
market_form_gap=15
log_odds=14
jockey_win_rel=14
trainer_top5_rel=13
jockey_top5_rankpct=12
plat_draw=11
consistency_rel=11
horse_name_win_rankpct=11
trainer_win_rel=9
trainer_win_rankpct=9
jockey_top5=8
jockey_win_rankpct=8
weight=7
sex_HONGRES=5
jockey_top5_rel=5
age=4
form_rankpct=3
horse_name_top5_rankpct=3
draw=2
horse_name_starts=2
form=2
horse_name_top5=1
consistency=1

parameters:
[boosting: gbdt]
[objective: lambdarank]
[metric: ndcg]
[tree_learner: serial]
[device_type: cpu]
[data_sample_strategy: bagging]
[data: ]
[valid: ]
[num_iterations: 100]
[learning_rate: 0.03]
[num_leaves: 7]
[num_threads: 4]
[seed: 42]
[deterministic: 0]
[force_col_wise: 0]
[force_row_wise: 0]
[histogram_pool_size: -1]
[max_depth: 3]
[min_data_in_leaf: 30]
[min_sum_hessian_in_leaf: 0.001]
[bagging_fraction: 0.9]
[pos_bagging_fraction: 1]
[neg_bagging_fraction: 1]
[bagging_freq: 0]
[bagging_seed: 400]
[bagging_by_query: 0]
[feature_fraction: 0.9]
[feature_fraction_bynode: 1]
[feature_fraction_seed: 30056]
[extra_trees: 0]
[extra_seed: 12879]
[early_stopping_round: 0]
[early_stopping_min_delta: 0]
[first_metric_only: 0]
[max_delta_step: 0]
[lambda_l1: 0.2]
[lambda_l2: 2]
[linear_lambda: 0]
[min_gain_to_split: 0]
[drop_rate: 0.1]
[max_drop: 50]
[skip_drop: 0.5]
[xgboost_dart_mode: 0]
[uniform_drop: 0]
[drop_seed: 17869]
[top_rate: 0.2]
[other_rate: 0.1]
[min_data_per_group: 100]
[max_cat_threshold: 32]
[cat_l2: 10]
[cat_smooth: 10]
[max_cat_to_onehot: 4]
[top_k: 20]
[monotone_constraints: ]
[monotone_constraints_method: basic]
[monotone_penalty: 0]
[feature_contri: ]
[forcedsplits_filename: ]
[refit_decay_rate: 0.9]
[cegb_tradeoff: 1]
[cegb_penalty_split: 0]
[cegb_penalty_feature_lazy: ]
[cegb_penalty_feature_coupled: ]
[path_smooth: 0]
[interaction_constraints: ]
[verbosity: -1]
[saved_feature_importance_type: 0]
[use_quantized_grad: 0]
[num_grad_quant_bins: 4]
[quant_train_renew_leaf: 0]
[stochastic_rounding: 1]
[linear_tree: 0]
[max_bin: 255]
[max_bin_by_feature: ]
[min_data_in_bin: 3]
[bin_construct_sample_cnt: 200000]
[data_random_seed: 175]
[is_enable_sparse: 1]
[enable_bundle: 1]
[use_missing: 1]
[zero_as_missing: 0]
[feature_pre_filter: 1]
[pre_partition: 0]
[two_round: 0]
[header: 0]
[label_column: ]
[weight_column: ]
[group_column: ]
[ignore_column: ]
[categorical_feature: ]
[forcedbins_filename: ]
[precise_float_parser: 0]
[parser_config_file: ]
[objective_seed: 16083]
[num_class: 1]
[is_unbalance: 0]
[scale_pos_weight: 1]
[sigmoid: 1]
[boost_from_average: 1]
[reg_sqrt: 0]
[alpha: 0.9]
[fair_c: 1]
[poisson_max_delta_step: 0.7]
[tweedie_variance_power: 1.5]
[lambdarank_truncation_level: 30]
[lambdarank_norm: 1]
[label_gain: ]
[lambdarank_position_bias_regularization: 0]
[eval_at: 1,2,3,4,5]
[multi_error_top_k: 1]
[auc_mu_weights: ]
[num_machines: 1]
[local_listen_port: 12400]
[time_out: 120]
[machine_list_filename: ]
[machines: ]
[gpu_platform_id: -1]
[gpu_device_id: -1]
[gpu_use_dp: 0]
[num_gpu: 1]

end of parameters

pandas_categorical:[]
